         0    2.8111
    0.0010    2.9789
    0.0020    2.9274
    0.0030    3.3375
    0.0040    2.9476
    0.0050    3.0767
    0.0060    2.9738
    0.0070    3.1097
    0.0080    3.1571
    0.0090    2.8501
    0.0100    2.7324
    0.0110    2.7028
    0.0120    3.0637
    0.0130    3.2116
    0.0140    2.9040
    0.0150    2.7096
    0.0160    3.5371
    0.0170    2.9116
    0.0180    2.7962
    0.0190    3.1425
    0.0200    3.0424
    0.0210    2.9194
    0.0220    3.1500
    0.0230    3.3099
    0.0240    3.0220
    0.0250    3.0005
    0.0260    3.0148
    0.0270    3.0910
    0.0280    3.4817
    0.0290    3.3781
    0.0300    3.2313
    0.0310    3.2468
    0.0320    3.3724
    0.0330    3.0607
    0.0340    3.0208
    0.0350    3.5471
    0.0360    3.0919
    0.0370    3.2035
    0.0380    3.3970
    0.0390    3.1185
    0.0400    3.1737
    0.0410    3.5637
    0.0420    2.9614
    0.0430    3.1723
    0.0440    3.5033
    0.0450    3.3457
    0.0460    3.2041
    0.0470    3.4617
    0.0480    3.3202
    0.0490    3.7917
    0.0500    3.3319
    0.0510    3.4983
    0.0520    3.3379
    0.0530    3.1164
    0.0540    3.0734
    0.0550    3.3725
    0.0560    2.9844
    0.0570    3.1329
    0.0580    3.2101
    0.0590    3.1795
    0.0600    3.4885
    0.0610    3.0423
    0.0620    3.5572
    0.0630    3.0737
    0.0640    3.2414
    0.0650    3.3310
    0.0660    3.2902
    0.0670    2.9917
    0.0680    3.6192
    0.0690    3.3171
    0.0700    3.5249
    0.0710    3.4453
    0.0720    3.2677
    0.0730    3.2365
    0.0740    3.4543
    0.0750    3.2887
    0.0760    3.5380
    0.0770    3.5127
    0.0780    3.1351
    0.0790    3.0124
    0.0800    3.5506
    0.0810    3.3725
    0.0820    3.4935
    0.0830    3.3582
    0.0840    3.3042
    0.0850    3.1907
    0.0860    3.2890
    0.0870    3.4237
    0.0880    3.6622
    0.0890    3.7399
    0.0900    3.2630
    0.0910    3.3586
    0.0920    3.1657
    0.0930    3.5800
    0.0940    3.3937
    0.0950    3.6979
    0.0960    3.5510
    0.0970    3.5401
    0.0980    3.4328
    0.0990    3.2275
    0.1000    3.8036
    0.1010    3.5453
    0.1020    3.7885
    0.1030    3.3485
    0.1040    3.6347
    0.1050    3.6023
    0.1060    3.4203
    0.1070    3.9150
    0.1080    3.2828
    0.1090    3.7270
    0.1100    3.6038
    0.1110    3.4087
    0.1120    3.2338
    0.1130    3.6967
    0.1140    3.1309
    0.1150    3.5866
    0.1160    3.5313
    0.1170    3.7012
    0.1180    3.5409
    0.1190    3.3341
    0.1200    3.5728
    0.1210    3.3556
    0.1220    3.8265
    0.1230    3.5285
    0.1240    3.3982
    0.1250    3.6261
    0.1260    3.5654
    0.1270    3.3332
    0.1280    3.7285
    0.1290    3.9232
    0.1300    3.6654
    0.1310    3.8450
    0.1320    3.4674
    0.1330    3.2811
    0.1340    3.7553
    0.1350    3.4377
    0.1360    3.7552
    0.1370    3.5806
    0.1380    3.6344
    0.1390    3.7286
    0.1400    3.4719
    0.1410    3.7779
    0.1420    4.0839
    0.1430    3.6389
    0.1440    3.5719
    0.1450    3.5156
    0.1460    3.4261
    0.1470    3.0790
    0.1480    3.6358
    0.1490    3.7471
    0.1500    3.6135
    0.1510    3.6909
    0.1520    3.2547
    0.1530    3.3113
    0.1540    3.7029
    0.1550    3.2183
    0.1560    3.8618
    0.1570    3.7610
    0.1580    3.6200
    0.1590    3.3915
    0.1600    3.6771
    0.1610    3.6201
    0.1620    3.6087
    0.1630    3.5812
    0.1640    3.5643
    0.1650    3.7550
    0.1660    3.5534
    0.1670    3.7754
    0.1680    3.7658
    0.1690    3.8668
    0.1700    3.7453
    0.1710    4.0028
    0.1720    3.6446
    0.1730    3.8421
    0.1740    3.3799
    0.1750    3.6334
    0.1760    3.3463
    0.1770    3.6394
    0.1780    3.6947
    0.1790    3.7381
    0.1800    3.6320
    0.1810    4.0973
    0.1820    3.6605
    0.1830    3.7747
    0.1840    3.8648
    0.1850    3.9551
    0.1860    3.4308
    0.1870    3.5357
    0.1880    3.4088
    0.1890    3.3646
    0.1900    3.8711
    0.1910    3.6418
    0.1920    3.7077
    0.1930    3.7692
    0.1940    4.2760
    0.1950    3.9062
    0.1960    3.8165
    0.1970    3.6638
    0.1980    3.7697
    0.1990    3.6269
    0.2000    3.9393
    0.2010    3.8112
    0.2020    3.7327
    0.2030    3.6773
    0.2040    3.7674
    0.2050    3.6755
    0.2060    3.4604
    0.2070    3.6731
    0.2080    3.1677
    0.2090    3.6038
    0.2100    3.5631
    0.2110    3.7772
    0.2120    3.5072
    0.2130    3.7030
    0.2140    3.5255
    0.2150    3.6770
    0.2160    3.7317
    0.2170    3.5629
    0.2180    3.3523
    0.2190    3.9273
    0.2200    3.7113
    0.2210    3.4810
    0.2220    3.6310
    0.2230    3.8176
    0.2240    3.4758
    0.2250    3.5670
    0.2260    3.7093
    0.2270    3.5180
    0.2280    4.0112
    0.2290    3.5116
    0.2300    3.6825
    0.2310    3.6087
    0.2320    3.2622
    0.2330    3.7654
    0.2340    3.7234
    0.2350    3.7636
    0.2360    3.3262
    0.2370    3.5637
    0.2380    3.9186
    0.2390    3.7416
    0.2400    3.6676
    0.2410    3.1970
    0.2420    3.8576
    0.2430    3.5845
    0.2440    3.7293
    0.2450    3.7021
    0.2460    3.7073
    0.2470    3.5197
    0.2480    3.5306
    0.2490    3.7377
    0.2500    3.8022
    0.2510    3.6077
    0.2520    3.5546
    0.2530    3.6979
    0.2540    3.4990
    0.2550    3.7367
    0.2560    3.7784
    0.2570    3.5618
    0.2580    3.4658
    0.2590    3.6542
    0.2600    3.5745
    0.2610    3.4846
    0.2620    3.3955
    0.2630    3.6644
    0.2640    3.3189
    0.2650    4.0769
    0.2660    3.3378
    0.2670    3.5786
    0.2680    3.3101
    0.2690    3.3974
    0.2700    3.1594
    0.2710    3.7270
    0.2720    3.8851
    0.2730    3.5321
    0.2740    3.5695
    0.2750    3.5349
    0.2760    3.3647
    0.2770    3.6017
    0.2780    3.5044
    0.2790    3.7850
    0.2800    3.4892
    0.2810    3.0430
    0.2820    3.5049
    0.2830    3.5537
    0.2840    3.7066
    0.2850    3.6258
    0.2860    3.1208
    0.2870    3.7046
    0.2880    3.3631
    0.2890    3.3266
    0.2900    3.3114
    0.2910    3.7622
    0.2920    3.3232
    0.2930    3.6625
    0.2940    3.0005
    0.2950    3.1977
    0.2960    3.2383
    0.2970    3.4725
    0.2980    3.2573
    0.2990    3.8078
    0.3000    3.5614
    0.3010    3.5598
    0.3020    3.4679
    0.3030    3.5229
    0.3040    3.2351
    0.3050    3.7515
    0.3060    3.1992
    0.3070    3.4287
    0.3080    3.4786
    0.3090    3.2277
    0.3100    3.1042
    0.3110    3.4897
    0.3120    3.3961
    0.3130    3.5909
    0.3140    3.6562
    0.3150    3.2628
    0.3160    3.8451
    0.3170    3.3735
    0.3180    3.4673
    0.3190    3.6293
    0.3200    3.6940
    0.3210    3.1639
    0.3220    3.4103
    0.3230    3.0945
    0.3240    3.7121
    0.3250    3.3178
    0.3260    3.7137
    0.3270    3.3777
    0.3280    3.0744
    0.3290    3.4090
    0.3300    2.7959
    0.3310    3.4188
    0.3320    3.3015
    0.3330    3.5619
    0.3340    2.9951
    0.3350    3.3568
    0.3360    3.4752
    0.3370    3.1516
    0.3380    3.1984
    0.3390    3.2765
    0.3400    3.4335
    0.3410    3.2389
    0.3420    3.1049
    0.3430    3.3251
    0.3440    3.2383
    0.3450    3.0750
    0.3460    3.2733
    0.3470    3.2727
    0.3480    3.3564
    0.3490    3.2747
    0.3500    3.2509
    0.3510    4.0189
    0.3520    3.4751
    0.3530    3.0891
    0.3540    3.4500
    0.3550    3.2761
    0.3560    2.9783
    0.3570    3.1410
    0.3580    3.1887
    0.3590    3.4056
    0.3600    3.0985
    0.3610    3.4251
    0.3620    3.1051
    0.3630    3.2087
    0.3640    3.0993
    0.3650    3.1965
    0.3660    3.2674
    0.3670    3.1592
    0.3680    3.1316
    0.3690    3.3525
    0.3700    3.0215
    0.3710    3.1169
    0.3720    3.0340
    0.3730    3.0148
    0.3740    3.0711
    0.3750    3.0548
    0.3760    3.3286
    0.3770    3.2778
    0.3780    3.1731
    0.3790    3.2642
    0.3800    3.2605
    0.3810    3.0388
    0.3820    3.3521
    0.3830    3.0259
    0.3840    3.0797
    0.3850    3.3098
    0.3860    2.8530
    0.3870    3.1959
    0.3880    3.0000
    0.3890    2.7679
    0.3900    3.5172
    0.3910    3.0830
    0.3920    2.8957
    0.3930    2.7331
    0.3940    3.0566
    0.3950    3.3329
    0.3960    3.1717
    0.3970    2.7822
    0.3980    3.0756
    0.3990    2.8439
    0.4000    3.0919
    0.4010    2.9413
    0.4020    3.1938
    0.4030    2.9749
    0.4040    3.0807
    0.4050    2.6845
    0.4060    3.1954
    0.4070    3.0519
    0.4080    2.8141
    0.4090    3.0982
    0.4100    2.7470
    0.4110    3.0375
    0.4120    2.8146
    0.4130    2.8618
    0.4140    2.6537
    0.4150    3.0422
    0.4160    3.0494
    0.4170    2.9097
    0.4180    2.9271
    0.4190    2.8230
    0.4200    2.9325
    0.4210    2.6929
    0.4220    2.6141
    0.4230    3.0844
    0.4240    2.7551
    0.4250    3.0339
    0.4260    2.9921
    0.4270    2.8172
    0.4280    3.1181
    0.4290    2.8472
    0.4300    2.7386
    0.4310    2.9121
    0.4320    3.0263
    0.4330    2.6301
    0.4340    2.8345
    0.4350    2.5032
    0.4360    2.6163
    0.4370    2.6802
    0.4380    2.4648
    0.4390    2.9374
    0.4400    2.3678
    0.4410    2.7963
    0.4420    2.4233
    0.4430    2.9048
    0.4440    2.6975
    0.4450    2.9404
    0.4460    2.5227
    0.4470    2.9844
    0.4480    2.6091
    0.4490    2.8672
    0.4500    2.8825
    0.4510    2.7588
    0.4520    2.8134
    0.4530    2.6424
    0.4540    2.8073
    0.4550    2.3532
    0.4560    2.5332
    0.4570    2.6798
    0.4580    3.1240
    0.4590    2.3082
    0.4600    3.0283
    0.4610    2.6023
    0.4620    2.7782
    0.4630    2.6199
    0.4640    2.9234
    0.4650    2.5239
    0.4660    2.5643
    0.4670    2.5333
    0.4680    2.6743
    0.4690    2.3744
    0.4700    2.5971
    0.4710    2.3617
    0.4720    2.4507
    0.4730    2.4951
    0.4740    2.5984
    0.4750    2.5662
    0.4760    2.7931
    0.4770    2.3799
    0.4780    2.3279
    0.4790    2.4511
    0.4800    2.3354
    0.4810    2.4895
    0.4820    2.2842
    0.4830    1.9930
    0.4840    2.2537
    0.4850    2.4374
    0.4860    2.7020
    0.4870    2.4308
    0.4880    2.2778
    0.4890    2.5982
    0.4900    2.4669
    0.4910    3.0001
    0.4920    2.2845
    0.4930    2.1891
    0.4940    1.9844
    0.4950    2.2121
    0.4960    2.5155
    0.4970    2.2882
    0.4980    1.9679
    0.4990    2.2245
    0.5000    2.6147
    0.5010    2.4519
    0.5020    2.4260
    0.5030    2.6015
    0.5040    2.5295
    0.5050    2.6726
    0.5060    2.3145
    0.5070    2.2059
    0.5080    2.4000
    0.5090    2.2429
    0.5100    2.1769
    0.5110    2.5469
    0.5120    2.0450
    0.5130    2.4965
    0.5140    2.2048
    0.5150    2.2475
    0.5160    2.4212
    0.5170    1.8276
    0.5180    1.9814
    0.5190    2.2566
    0.5200    2.0883
    0.5210    2.3740
    0.5220    2.1120
    0.5230    1.9729
    0.5240    2.0840
    0.5250    2.1324
    0.5260    2.3899
    0.5270    2.2253
    0.5280    2.3101
    0.5290    1.7321
    0.5300    1.8889
    0.5310    1.5705
    0.5320    2.0126
    0.5330    2.3952
    0.5340    2.1577
    0.5350    2.0048
    0.5360    1.3667
    0.5370    2.1976
    0.5380    2.2513
    0.5390    2.6249
    0.5400    2.3037
    0.5410    2.0214
    0.5420    2.3929
    0.5430    1.7589
    0.5440    1.7377
    0.5450    2.0265
    0.5460    2.0899
    0.5470    2.0099
    0.5480    1.8106
    0.5490    1.8051
    0.5500    2.0985
    0.5510    1.7264
    0.5520    1.9235
    0.5530    1.6451
    0.5540    2.0434
    0.5550    1.7049
    0.5560    2.1757
    0.5570    1.8034
    0.5580    1.9978
    0.5590    1.6737
    0.5600    1.8353
    0.5610    1.7752
    0.5620    2.2123
    0.5630    1.9356
    0.5640    1.6521
    0.5650    1.9271
    0.5660    1.8109
    0.5670    1.6380
    0.5680    2.0699
    0.5690    1.8093
    0.5700    2.1377
    0.5710    1.7901
    0.5720    1.9760
    0.5730    1.6296
    0.5740    1.9076
    0.5750    1.8574
    0.5760    2.2747
    0.5770    1.4416
    0.5780    1.7402
    0.5790    1.5229
    0.5800    2.1917
    0.5810    1.8737
    0.5820    1.4157
    0.5830    1.7261
    0.5840    1.9110
    0.5850    1.4851
    0.5860    1.5779
    0.5870    1.9560
    0.5880    1.3836
    0.5890    1.6058
    0.5900    2.0953
    0.5910    1.9955
    0.5920    1.5285
    0.5930    1.9433
    0.5940    1.6449
    0.5950    1.5535
    0.5960    1.3933
    0.5970    1.7792
    0.5980    1.8337
    0.5990    1.5469
    0.6000    1.6499
    0.6010    1.6121
    0.6020    1.6976
    0.6030    1.9021
    0.6040    1.8035
    0.6050    2.1374
    0.6060    1.8952
    0.6070    1.5332
    0.6080    1.6356
    0.6090    1.5375
    0.6100    1.8196
    0.6110    1.6165
    0.6120    1.8934
    0.6130    2.0430
    0.6140    1.7796
    0.6150    1.6321
    0.6160    1.7080
    0.6170    1.3918
    0.6180    1.6149
    0.6190    1.5146
    0.6200    1.3411
    0.6210    1.2473
    0.6220    1.4584
    0.6230    1.7835
    0.6240    1.3290
    0.6250    1.2827
    0.6260    1.2625
    0.6270    1.3559
    0.6280    1.7434
    0.6290    1.5624
    0.6300    1.6063
    0.6310    1.2340
    0.6320    1.3678
    0.6330    1.4860
    0.6340    1.4094
    0.6350    1.5092
    0.6360    1.6559
    0.6370    1.6416
    0.6380    1.8241
    0.6390    1.3738
    0.6400    1.5267
    0.6410    1.6198
    0.6420    1.4358
    0.6430    1.4123
    0.6440    1.5301
    0.6450    1.1625
    0.6460    1.1640
    0.6470    1.1894
    0.6480    1.0451
    0.6490    1.4070
    0.6500    1.3704
    0.6510    1.4095
    0.6520    1.5935
    0.6530    1.3660
    0.6540    1.2907
    0.6550    1.3374
    0.6560    1.4953
    0.6570    1.5109
    0.6580    1.6194
    0.6590    1.4720
    0.6600    1.5732
    0.6610    1.1719
    0.6620    1.5423
    0.6630    1.1300
    0.6640    1.5368
    0.6650    1.4955
    0.6660    1.1660
    0.6670    1.0226
    0.6680    1.0941
    0.6690    1.1679
    0.6700    1.3036
    0.6710    1.0622
    0.6720    1.5025
    0.6730    1.0495
    0.6740    1.1618
    0.6750    1.4209
    0.6760    1.3025
    0.6770    1.4925
    0.6780    0.8184
    0.6790    1.2149
    0.6800    1.2188
    0.6810    1.3927
    0.6820    1.2981
    0.6830    1.0627
    0.6840    1.2601
    0.6850    1.4620
    0.6860    1.5205
    0.6870    1.1119
    0.6880    1.1793
    0.6890    1.4750
    0.6900    0.8310
    0.6910    1.1273
    0.6920    1.1428
    0.6930    1.3942
    0.6940    1.0167
    0.6950    0.9895
    0.6960    1.0494
    0.6970    0.9821
    0.6980    1.2678
    0.6990    1.0646
    0.7000    0.6050
    0.7010    0.7386
    0.7020    0.7661
    0.7030    0.9174
    0.7040    0.8218
    0.7050    0.7704
    0.7060    1.0068
    0.7070    0.6415
    0.7080    1.1455
    0.7090    1.0486
    0.7100    0.7871
    0.7110    1.0412
    0.7120    1.1195
    0.7130    0.7590
    0.7140    0.8768
    0.7150    0.9255
    0.7160    0.9497
    0.7170    0.8402
    0.7180    0.8108
    0.7190    0.5439
    0.7200    0.9704
    0.7210    0.8575
    0.7220    0.8796
    0.7230    0.5397
    0.7240    0.8524
    0.7250    1.2577
    0.7260    0.6856
    0.7270    1.1167
    0.7280    0.4650
    0.7290    1.0466
    0.7300    1.1822
    0.7310    0.7546
    0.7320    0.9911
    0.7330    0.9346
    0.7340    1.3819
    0.7350    1.1737
    0.7360    0.6546
    0.7370    0.7888
    0.7380    0.9202
    0.7390    0.8702
    0.7400    0.4774
    0.7410    0.9896
    0.7420    1.0766
    0.7430    1.1335
    0.7440    0.9412
    0.7450    0.7108
    0.7460    1.0044
    0.7470    0.8102
    0.7480    0.7612
    0.7490    0.5280
    0.7500    0.7754
    0.7510    0.9285
    0.7520    0.7364
    0.7530    0.7903
    0.7540    0.5266
    0.7550    0.5796
    0.7560    0.9312
    0.7570    0.8227
    0.7580    0.8997
    0.7590    0.8552
    0.7600    0.7731
    0.7610    0.6349
    0.7620    0.6974
    0.7630    0.9966
    0.7640    0.2214
    0.7650    0.8218
    0.7660    0.4828
    0.7670    0.7854
    0.7680    0.8396
    0.7690    0.6914
    0.7700    0.4676
    0.7710    0.9259
    0.7720    0.9720
    0.7730    0.8402
    0.7740    0.6356
    0.7750    0.7153
    0.7760    0.6921
    0.7770    0.7427
    0.7780    0.6244
    0.7790    0.4591
    0.7800    0.1513
    0.7810    0.3922
    0.7820    0.8364
    0.7830    1.0450
    0.7840    0.8364
    0.7850    0.7404
    0.7860    0.7102
    0.7870    0.6056
    0.7880    0.3102
    0.7890    0.4213
    0.7900    0.8240
    0.7910    0.5744
    0.7920    0.8015
    0.7930    0.4292
    0.7940    0.4838
    0.7950    0.4750
    0.7960    0.8960
    0.7970    0.3457
    0.7980    0.6035
    0.7990    0.3414
    0.8000    0.6142
    0.8010    0.6025
    0.8020    0.6235
    0.8030    0.3545
    0.8040    0.5027
    0.8050    0.6230
    0.8060    0.6974
    0.8070    0.9078
    0.8080    0.6972
    0.8090    0.3068
    0.8100    0.3479
    0.8110    0.8586
    0.8120    0.2229
    0.8130    0.2210
    0.8140    0.4378
    0.8150    0.7160
    0.8160    0.3723
    0.8170    0.2597
    0.8180    0.4670
    0.8190    0.7116
    0.8200    0.1700
    0.8210    0.6332
    0.8220    0.2412
    0.8230    0.7758
    0.8240    0.3279
    0.8250    0.3506
    0.8260    0.5962
    0.8270    0.4193
    0.8280    0.6905
    0.8290    0.6377
    0.8300    0.8538
    0.8310    0.4696
    0.8320    0.2078
    0.8330    0.8419
    0.8340    0.4002
    0.8350    0.3724
    0.8360    0.5963
    0.8370    0.9167
    0.8380    0.9013
    0.8390    0.3106
    0.8400    0.2571
    0.8410    0.2213
    0.8420    0.6384
    0.8430    0.1651
    0.8440    0.2351
    0.8450    0.4419
    0.8460    0.5472
    0.8470    0.2510
    0.8480    0.2796
    0.8490    0.4168
    0.8500    0.4209
    0.8510    0.3677
    0.8520    0.7448
    0.8530    0.4405
    0.8540    0.5338
    0.8550    0.5015
    0.8560    0.3469
    0.8570    0.1009
    0.8580    0.5362
    0.8590    0.0684
    0.8600    0.4813
    0.8610    0.5480
    0.8620    0.5792
    0.8630    0.3839
    0.8640    0.3869
    0.8650    0.7741
    0.8660    0.2858
    0.8670    0.7932
    0.8680    0.2627
    0.8690    0.6355
    0.8700    0.4559
    0.8710    0.1882
    0.8720   -0.1212
    0.8730    0.3602
    0.8740    0.5604
    0.8750    0.2791
    0.8760    0.3593
    0.8770    0.3503
    0.8780    0.1749
    0.8790    0.5258
    0.8800    0.5091
    0.8810    0.2912
    0.8820    0.0953
    0.8830    0.5290
    0.8840    0.5255
    0.8850    0.2787
    0.8860    0.0726
    0.8870    0.2940
    0.8880    0.1345
    0.8890    0.1942
    0.8900    0.5268
    0.8910    0.5098
    0.8920    0.3363
    0.8930    0.3936
    0.8940    0.3686
    0.8950    0.1719
    0.8960    0.3330
    0.8970    0.2246
    0.8980    0.4357
    0.8990    0.4672
    0.9000    0.2327
    0.9010    0.2792
    0.9020    0.2915
    0.9030    0.3105
    0.9040    0.2819
    0.9050    0.5728
    0.9060    0.2284
    0.9070    0.5988
    0.9080    0.3484
    0.9090    0.3378
    0.9100    0.3993
    0.9110    0.5800
    0.9120    0.1548
    0.9130    0.2383
    0.9140    0.5765
    0.9150    0.2766
    0.9160    0.0727
    0.9170    0.3283
    0.9180    0.5682
    0.9190    0.4287
    0.9200    0.3769
    0.9210    0.2545
    0.9220    0.4074
    0.9230    0.3723
    0.9240    0.1670
    0.9250    0.3173
    0.9260    0.0404
    0.9270    0.2694
    0.9280    0.3608
    0.9290    0.3696
    0.9300    0.2525
    0.9310    0.1347
    0.9320    0.2823
    0.9330    0.1810
    0.9340    0.1521
    0.9350    0.3651
    0.9360    0.2269
    0.9370    0.0579
    0.9380    0.5465
    0.9390    0.2382
    0.9400    0.1942
    0.9410   -0.2553
    0.9420    0.0148
    0.9430    0.3878
    0.9440    0.0457
    0.9450    0.2408
    0.9460    0.5744
    0.9470    0.1669
    0.9480    0.2866
    0.9490    0.1115
    0.9500    0.6470
    0.9510    0.3273
    0.9520    0.1866
    0.9530    0.6897
    0.9540    0.1100
    0.9550    0.2933
    0.9560    0.1339
    0.9570    0.3725
    0.9580    0.1230
    0.9590    0.1250
    0.9600    0.2334
    0.9610    0.2884
    0.9620    0.3423
    0.9630   -0.0026
    0.9640    0.2583
    0.9650    0.1435
    0.9660    0.2571
    0.9670    0.2415
    0.9680    0.2632
    0.9690    0.0108
    0.9700   -0.1109
    0.9710    0.1129
    0.9720    0.1411
    0.9730    0.2911
    0.9740   -0.0831
    0.9750    0.3428
    0.9760    0.0300
    0.9770    0.4308
    0.9780    0.0353
    0.9790    0.0298
    0.9800    0.0392
    0.9810    0.1223
    0.9820    0.0487
    0.9830   -0.0224
    0.9840    0.0183
    0.9850   -0.0306
    0.9860   -0.1568
    0.9870   -0.0197
    0.9880    0.6644
    0.9890    0.2658
    0.9900    0.1597
    0.9910   -0.0179
    0.9920    0.1673
    0.9930   -0.2592
    0.9940   -0.0894
    0.9950    0.1931
    0.9960   -0.4264
    0.9970   -0.0275
    0.9980    0.1360
    0.9990   -0.0083
    1.0000    0.2387
    1.0010    0.0435
    1.0020    0.0829
    1.0030   -0.1588
    1.0040   -0.0775
    1.0050    0.6903
    1.0060    0.5114
    1.0070    0.0643
    1.0080    0.2408
    1.0090   -0.0220
    1.0100   -0.0208
    1.0110    0.0251
    1.0120    0.3229
    1.0130    0.1018
    1.0140    0.0303
    1.0150    0.4087
    1.0160    0.0573
    1.0170    0.1486
    1.0180   -0.0551
    1.0190    0.3531
    1.0200    0.2380
    1.0210    0.3311
    1.0220    0.1871
    1.0230    0.2438
    1.0240    0.1324
    1.0250    0.1614
    1.0260    0.2843
    1.0270    0.0899
    1.0280    0.0409
    1.0290    0.3967
    1.0300   -0.2020
    1.0310    0.1036
    1.0320    0.2941
    1.0330    0.3792
    1.0340    0.2946
    1.0350    0.2683
    1.0360   -0.0046
    1.0370    0.1347
    1.0380    0.3782
    1.0390   -0.0320
    1.0400    0.4287
    1.0410    0.2849
    1.0420    0.1968
    1.0430    0.3162
    1.0440    0.3571
    1.0450    0.0876
    1.0460    0.1330
    1.0470   -0.0487
    1.0480    0.0534
    1.0490    0.1916
    1.0500   -0.0887
    1.0510   -0.0263
    1.0520   -0.2264
    1.0530   -0.2940
    1.0540    0.3009
    1.0550   -0.0484
    1.0560   -0.3066
    1.0570    0.2799
    1.0580    0.3062
    1.0590    0.1881
    1.0600   -0.0176
    1.0610    0.0049
    1.0620    0.2095
    1.0630    0.0566
    1.0640    0.1513
    1.0650    0.2328
    1.0660    0.1513
    1.0670    0.4222
    1.0680    0.1601
    1.0690   -0.1883
    1.0700    0.0617
    1.0710   -0.0556
    1.0720    0.0717
    1.0730   -0.0975
    1.0740    0.0793
    1.0750    0.1236
    1.0760    0.2097
    1.0770    0.0324
    1.0780    0.0259
    1.0790    0.1589
    1.0800    0.3957
    1.0810    0.0860
    1.0820    0.4196
    1.0830   -0.0270
    1.0840    0.3147
    1.0850    0.4259
    1.0860    0.3238
    1.0870    0.0872
    1.0880    0.1022
    1.0890    0.0039
    1.0900    0.0387
    1.0910    0.3941
    1.0920    0.1376
    1.0930   -0.1360
    1.0940    0.1679
    1.0950    0.1163
    1.0960    0.0946
    1.0970    0.0561
    1.0980    0.2288
    1.0990    0.1831
    1.1000   -0.0637
    1.1010    0.0517
    1.1020    0.1027
    1.1030   -0.0600
    1.1040   -0.0650
    1.1050    0.1591
    1.1060   -0.1182
    1.1070    0.2986
    1.1080    0.6295
    1.1090   -0.1019
    1.1100    0.1354
    1.1110    0.4639
    1.1120   -0.0944
    1.1130   -0.1172
    1.1140    0.1128
    1.1150   -0.0599
    1.1160    0.1834
    1.1170   -0.1527
    1.1180   -0.1082
    1.1190    0.0335
    1.1200    0.4364
    1.1210    0.2804
    1.1220    0.2168
    1.1230    0.5030
    1.1240    0.1127
    1.1250   -0.0092
    1.1260    0.1502
    1.1270   -0.0227
    1.1280    0.0270
    1.1290    0.1536
    1.1300    0.2053
    1.1310   -0.0138
    1.1320    0.0401
    1.1330    0.3587
    1.1340    0.1324
    1.1350   -0.0519
    1.1360    0.0477
    1.1370    0.1739
    1.1380    0.1380
    1.1390   -0.2360
    1.1400    0.5972
    1.1410    0.0301
    1.1420    0.2123
    1.1430    0.2450
    1.1440   -0.0252
    1.1450   -0.2219
    1.1460   -0.1196
    1.1470    0.1011
    1.1480   -0.0655
    1.1490    0.3444
    1.1500   -0.0011
    1.1510    0.2426
    1.1520   -0.0918
    1.1530   -0.1432
    1.1540   -0.0694
    1.1550    0.0641
    1.1560   -0.0274
    1.1570    0.1479
    1.1580    0.1660
    1.1590   -0.0808
    1.1600   -0.0752
    1.1610   -0.0288
    1.1620    0.0367
    1.1630    0.1316
    1.1640    0.0291
    1.1650   -0.0580
    1.1660   -0.0982
    1.1670   -0.3286
    1.1680    0.0338
    1.1690   -0.0956
    1.1700    0.0564
    1.1710    0.1945
    1.1720    0.0180
    1.1730   -0.4243
    1.1740    0.1615
    1.1750   -0.4591
    1.1760   -0.0929
    1.1770   -0.2631
    1.1780    0.2978
    1.1790   -0.0127
    1.1800    0.0470
    1.1810    0.3451
    1.1820    0.2045
    1.1830    0.2330
    1.1840    0.0366
    1.1850    0.1382
    1.1860    0.0515
    1.1870    0.2726
    1.1880   -0.1248
    1.1890    0.4389
    1.1900    0.1093
    1.1910    0.1328
    1.1920   -0.0128
    1.1930    0.1901
    1.1940    0.0513
    1.1950    0.2467
    1.1960    0.0045
    1.1970   -0.0524
    1.1980   -0.0623
    1.1990    0.1823
    1.2000   -0.0950
    1.2010    0.0703
    1.2020   -0.2931
    1.2030   -0.2356
    1.2040    0.0440
    1.2050   -0.0914
    1.2060    0.1016
    1.2070   -0.1051
    1.2080    0.3239
    1.2090    0.2378
    1.2100    0.4089
    1.2110    0.2541
    1.2120    0.2864
    1.2130    0.3942
    1.2140   -0.1066
    1.2150    0.4669
    1.2160    0.0888
    1.2170    0.3214
    1.2180    0.0704
    1.2190   -0.0629
    1.2200   -0.1267
    1.2210   -0.0051
    1.2220   -0.1110
    1.2230   -0.0098
    1.2240    0.1159
    1.2250    0.1729
    1.2260    0.3491
    1.2270   -0.0012
    1.2280   -0.2683
    1.2290    0.1791
    1.2300    0.0230
    1.2310   -0.2298
    1.2320   -0.1766
    1.2330    0.1347
    1.2340   -0.2105
    1.2350   -0.0596
    1.2360   -0.0724
    1.2370   -0.2232
    1.2380   -0.4930
    1.2390   -0.0135
    1.2400    0.0460
    1.2410   -0.0561
    1.2420   -0.0024
    1.2430    0.6629
    1.2440   -0.0374
    1.2450    0.1891
    1.2460    0.3029
    1.2470    0.1644
    1.2480   -0.1493
    1.2490    0.3373
    1.2500    0.0428
    1.2510   -0.1926
    1.2520    0.1051
    1.2530   -0.0653
    1.2540    0.0584
    1.2550   -0.1699
    1.2560    0.1854
    1.2570   -0.3912
    1.2580    0.1035
    1.2590    0.0870
    1.2600   -0.5008
    1.2610    0.1341
    1.2620    0.1963
    1.2630   -0.2787
    1.2640    0.0296
    1.2650    0.1309
    1.2660    0.0133
    1.2670   -0.0896
    1.2680   -0.4386
    1.2690    0.0579
    1.2700    0.0953
    1.2710   -0.1346
    1.2720   -0.1107
    1.2730   -0.1797
    1.2740   -0.0513
    1.2750    0.1105
    1.2760    0.0392
    1.2770   -0.0976
    1.2780    0.1795
    1.2790   -0.0189
    1.2800   -0.2245
    1.2810   -0.1269
    1.2820    0.0713
    1.2830    0.0926
    1.2840    0.0974
    1.2850   -0.1080
    1.2860    0.2071
    1.2870   -0.1685
    1.2880   -0.3625
    1.2890    0.0599
    1.2900    0.0063
    1.2910    0.0333
    1.2920   -0.0636
    1.2930    0.0058
    1.2940   -0.0294
    1.2950   -0.1029
    1.2960    0.1986
    1.2970    0.0466
    1.2980    0.1420
    1.2990    0.0388
    1.3000   -0.1181
    1.3010   -0.2721
    1.3020    0.1897
    1.3030   -0.0888
    1.3040    0.3799
    1.3050   -0.3509
    1.3060   -0.2121
    1.3070   -0.1467
    1.3080   -0.1887
    1.3090    0.0464
    1.3100    0.1527
    1.3110    0.4269
    1.3120   -0.3856
    1.3130   -0.0321
    1.3140    0.3758
    1.3150   -0.3138
    1.3160   -0.1651
    1.3170   -0.2375
    1.3180    0.1715
    1.3190    0.0699
    1.3200   -0.1578
    1.3210   -0.0190
    1.3220    0.1986
    1.3230    0.2329
    1.3240    0.0858
    1.3250    0.1796
    1.3260    0.2723
    1.3270    0.1968
    1.3280   -0.2002
    1.3290    0.0375
    1.3300    0.1824
    1.3310   -0.0483
    1.3320   -0.2110
    1.3330   -0.1938
    1.3340    0.1491
    1.3350    0.0804
    1.3360   -0.0113
    1.3370    0.1601
    1.3380    0.2557
    1.3390   -0.3871
    1.3400    0.1617
    1.3410    0.0702
    1.3420    0.2384
    1.3430   -0.1622
    1.3440    0.1958
    1.3450    0.5004
    1.3460    0.0268
    1.3470    0.0663
    1.3480    0.3066
    1.3490    0.1210
    1.3500   -0.1188
    1.3510   -0.0419
    1.3520    0.1077
    1.3530   -0.2399
    1.3540   -0.2098
    1.3550    0.1108
    1.3560   -0.0050
    1.3570   -0.2547
    1.3580   -0.2376
    1.3590    0.1887
    1.3600   -0.1310
    1.3610   -0.0462
    1.3620   -0.0658
    1.3630   -0.0920
    1.3640   -0.0032
    1.3650    0.0583
    1.3660    0.1320
    1.3670    0.1426
    1.3680    0.2171
    1.3690    0.2794
    1.3700    0.0582
    1.3710   -0.4220
    1.3720   -0.2085
    1.3730    0.1861
    1.3740    0.1843
    1.3750   -0.3139
    1.3760    0.0827
    1.3770    0.2476
    1.3780   -0.1378
    1.3790    0.2520
    1.3800   -0.0666
    1.3810   -0.4874
    1.3820    0.2271
    1.3830    0.0102
    1.3840   -0.1209
    1.3850   -0.0955
    1.3860   -0.0369
    1.3870   -0.3688
    1.3880    0.1802
    1.3890    0.0224
    1.3900    0.1270
    1.3910    0.1130
    1.3920    0.1365
    1.3930   -0.3068
    1.3940   -0.0326
    1.3950    0.0261
    1.3960    0.0775
    1.3970    0.4716
    1.3980    0.0645
    1.3990   -0.1228
    1.4000    0.0016
    1.4010    0.2025
    1.4020    0.1379
    1.4030    0.0091
    1.4040    0.0293
    1.4050   -0.0009
    1.4060   -0.0858
    1.4070   -0.2321
    1.4080   -0.0100
    1.4090   -0.0429
    1.4100   -0.0694
    1.4110   -0.2024
    1.4120   -0.1203
    1.4130   -0.0141
    1.4140    0.5940
    1.4150    0.1951
    1.4160    0.1960
    1.4170    0.0213
    1.4180    0.0176
    1.4190   -0.0169
    1.4200   -0.1058
    1.4210   -0.2810
    1.4220    0.2266
    1.4230   -0.0907
    1.4240   -0.2574
    1.4250    0.0051
    1.4260    0.0212
    1.4270   -0.1898
    1.4280    0.0517
    1.4290   -0.3778
    1.4300   -0.1488
    1.4310    0.0613
    1.4320    0.2224
    1.4330   -0.0146
    1.4340    0.3068
    1.4350   -0.0204
    1.4360   -0.1201
    1.4370    0.0705
    1.4380   -0.0039
    1.4390    0.1106
    1.4400   -0.2240
    1.4410   -0.0303
    1.4420   -0.1053
    1.4430   -0.0398
    1.4440   -0.2299
    1.4450    0.0556
    1.4460   -0.0073
    1.4470    0.0299
    1.4480   -0.2515
    1.4490   -0.0526
    1.4500   -0.1115
    1.4510    0.3715
    1.4520    0.1618
    1.4530    0.2033
    1.4540   -0.0575
    1.4550    0.1146
    1.4560    0.0236
    1.4570   -0.2001
    1.4580    0.2631
    1.4590   -0.1138
    1.4600   -0.4250
    1.4610   -0.1073
    1.4620    0.0060
    1.4630   -0.0038
    1.4640   -0.3352
    1.4650   -0.0053
    1.4660    0.1945
    1.4670   -0.1534
    1.4680   -0.0278
    1.4690    0.0485
    1.4700   -0.4765
    1.4710    0.4985
    1.4720    0.0695
    1.4730    0.0097
    1.4740    0.0293
    1.4750    0.1347
    1.4760   -0.1557
    1.4770   -0.1812
    1.4780   -0.0460
    1.4790    0.0729
    1.4800   -0.3059
    1.4810    0.1966
    1.4820   -0.0936
    1.4830   -0.1866
    1.4840   -0.1681
    1.4850    0.2854
    1.4860   -0.0946
    1.4870    0.0984
    1.4880   -0.2922
    1.4890   -0.1352
    1.4900    0.0369
    1.4910    0.0535
    1.4920    0.3212
    1.4930   -0.2938
    1.4940    0.2314
    1.4950   -0.0715
    1.4960   -0.1775
    1.4970   -0.3312
    1.4980    0.0843
    1.4990    0.0886
    1.5000    0.2704
    1.5010    0.0955
    1.5020   -0.0602
    1.5030    0.0599
    1.5040   -0.1579
    1.5050    0.3126
    1.5060    0.5285
    1.5070   -0.2630
    1.5080    0.2297
    1.5090    0.0906
    1.5100    0.2334
    1.5110   -0.2164
    1.5120    0.3914
    1.5130    0.0481
    1.5140    0.0347
    1.5150    0.0399
    1.5160   -0.0500
    1.5170    0.0813
    1.5180    0.4100
    1.5190   -0.2104
    1.5200   -0.2869
    1.5210    0.2214
    1.5220   -0.2706
    1.5230    0.0708
    1.5240   -0.3897
    1.5250    0.1156
    1.5260   -0.3108
    1.5270   -0.1245
    1.5280    0.1625
    1.5290   -0.2003
    1.5300   -0.2239
    1.5310    0.0414
    1.5320    0.1768
    1.5330    0.1146
    1.5340   -0.2785
    1.5350    0.0899
    1.5360   -0.0372
    1.5370   -0.2050
    1.5380   -0.0475
    1.5390   -0.0699
    1.5400   -0.2180
    1.5410   -0.2337
    1.5420   -0.1188
    1.5430    0.1149
    1.5440   -0.1781
    1.5450   -0.0463
    1.5460   -0.0868
    1.5470   -0.1556
    1.5480   -0.2262
    1.5490    0.1943
    1.5500   -0.0001
    1.5510    0.3614
    1.5520    0.0684
    1.5530    0.0568
    1.5540    0.2930
    1.5550    0.0361
    1.5560    0.1132
    1.5570   -0.0355
    1.5580   -0.1734
    1.5590   -0.0900
    1.5600    0.0155
    1.5610   -0.0702
    1.5620   -0.0827
    1.5630    0.3594
    1.5640    0.1412
    1.5650   -0.0689
    1.5660   -0.3176
    1.5670   -0.0243
    1.5680    0.2435
    1.5690    0.2267
    1.5700   -0.1124
    1.5710    0.2131
    1.5720    0.0259
    1.5730   -0.0934
    1.5740    0.0993
    1.5750   -0.1762
    1.5760    0.0204
    1.5770    0.0419
    1.5780    0.4156
    1.5790    0.0946
    1.5800   -0.1349
    1.5810    0.3204
    1.5820   -0.1726
    1.5830   -0.2521
    1.5840    0.2784
    1.5850   -0.0500
    1.5860   -0.3062
    1.5870    0.0976
    1.5880   -0.0507
    1.5890    0.1952
    1.5900    0.1709
    1.5910    0.0327
    1.5920    0.2028
    1.5930    0.0152
    1.5940   -0.0729
    1.5950    0.3300
    1.5960   -0.2933
    1.5970    0.0297
    1.5980    0.0559
    1.5990    0.0048
    1.6000    0.1317
    1.6010    0.0372
    1.6020   -0.0726
    1.6030   -0.3807
    1.6040    0.0391
    1.6050    0.0568
    1.6060    0.1290
    1.6070    0.2962
    1.6080   -0.1841
    1.6090   -0.0419
    1.6100    0.0398
    1.6110    0.2279
    1.6120   -0.1323
    1.6130   -0.2267
    1.6140    0.1493
    1.6150   -0.0906
    1.6160    0.2264
    1.6170    0.0840
    1.6180   -0.1712
    1.6190    0.1286
    1.6200   -0.0937
    1.6210   -0.0039
    1.6220   -0.1943
    1.6230    0.0640
    1.6240   -0.0134
    1.6250   -0.1647
    1.6260   -0.0001
    1.6270   -0.2546
    1.6280   -0.0303
    1.6290   -0.0523
    1.6300   -0.0936
    1.6310    0.0077
    1.6320   -0.1869
    1.6330   -0.2808
    1.6340   -0.1140
    1.6350   -0.2275
    1.6360   -0.3329
    1.6370   -0.1358
    1.6380    0.0350
    1.6390   -0.4319
    1.6400   -0.1445
    1.6410   -0.1386
    1.6420    0.2275
    1.6430   -0.2736
    1.6440   -0.0478
    1.6450   -0.0954
    1.6460   -0.0212
    1.6470   -0.3150
    1.6480    0.5020
    1.6490    0.3823
    1.6500    0.0539
    1.6510    0.2972
    1.6520    0.1833
    1.6530    0.0570
    1.6540    0.0707
    1.6550    0.0393
    1.6560   -0.1434
    1.6570    0.2225
    1.6580    0.1694
    1.6590   -0.0613
    1.6600    0.0746
    1.6610    0.1693
    1.6620    0.3491
    1.6630    0.0380
    1.6640   -0.3603
    1.6650    0.0082
    1.6660    0.2207
    1.6670   -0.1391
    1.6680    0.0340
    1.6690   -0.2237
    1.6700   -0.3635
    1.6710   -0.1520
    1.6720   -0.0389
    1.6730   -0.3751
    1.6740   -0.0796
    1.6750   -0.0076
    1.6760    0.4074
    1.6770    0.1465
    1.6780   -0.0823
    1.6790   -0.3581
    1.6800    0.1328
    1.6810   -0.1775
    1.6820   -0.1918
    1.6830   -0.0160
    1.6840   -0.1502
    1.6850    0.2394
    1.6860   -0.0069
    1.6870   -0.1579
    1.6880    0.1834
    1.6890    0.0926
    1.6900    0.3208
    1.6910   -0.1009
    1.6920    0.0607
    1.6930   -0.0702
    1.6940    0.3394
    1.6950   -0.0181
    1.6960    0.0331
    1.6970    0.2705
    1.6980    0.1002
    1.6990   -0.2001
    1.7000   -0.2050
    1.7010    0.0936
    1.7020   -0.0655
    1.7030   -0.1408
    1.7040   -0.1622
    1.7050   -0.1236
    1.7060   -0.0061
    1.7070    0.0414
    1.7080   -0.3071
    1.7090    0.0312
    1.7100   -0.1635
    1.7110   -0.3851
    1.7120   -0.0809
    1.7130    0.0658
    1.7140    0.1634
    1.7150   -0.0832
    1.7160    0.1917
    1.7170   -0.0997
    1.7180   -0.0842
    1.7190   -0.0984
    1.7200   -0.3249
    1.7210   -0.1928
    1.7220   -0.0323
    1.7230   -0.0850
    1.7240    0.1552
    1.7250   -0.0307
    1.7260    0.0893
    1.7270    0.0708
    1.7280   -0.0808
    1.7290   -0.0897
    1.7300   -0.1959
    1.7310   -0.1358
    1.7320    0.0091
    1.7330    0.0361
    1.7340   -0.3354
    1.7350   -0.1169
    1.7360   -0.1278
    1.7370   -0.0468
    1.7380   -0.4805
    1.7390    0.0963
    1.7400   -0.3006
    1.7410   -0.3929
    1.7420    0.1419
    1.7430   -0.1267
    1.7440    0.0622
    1.7450   -0.0557
    1.7460    0.1597
    1.7470   -0.1741
    1.7480   -0.2550
    1.7490    0.1184
    1.7500    0.0096
    1.7510   -0.1305
    1.7520    0.0419
    1.7530    0.1061
    1.7540    0.0491
    1.7550   -0.2451
    1.7560   -0.2622
    1.7570   -0.1920
    1.7580    0.0523
    1.7590   -0.1293
    1.7600    0.0914
    1.7610    0.0180
    1.7620   -0.0635
    1.7630    0.2319
    1.7640    0.2116
    1.7650    0.0899
    1.7660   -0.0137
    1.7670    0.2429
    1.7680   -0.1180
    1.7690   -0.3631
    1.7700    0.0788
    1.7710   -0.0937
    1.7720    0.1031
    1.7730   -0.1768
    1.7740   -0.1087
    1.7750    0.0484
    1.7760    0.0480
    1.7770   -0.1222
    1.7780   -0.0019
    1.7790    0.0546
    1.7800    0.3295
    1.7810   -0.2847
    1.7820   -0.3685
    1.7830    0.0232
    1.7840    0.0726
    1.7850    0.0225
    1.7860   -0.1273
    1.7870   -0.1066
    1.7880   -0.3537
    1.7890    0.2163
    1.7900    0.1364
    1.7910    0.0688
    1.7920   -0.0302
    1.7930    0.2131
    1.7940   -0.1593
    1.7950    0.1712
    1.7960    0.2645
    1.7970    0.6123
    1.7980   -0.1186
    1.7990   -0.0119
    1.8000    0.1238
    1.8010    0.0864
    1.8020    0.3510
    1.8030   -0.3924
    1.8040    0.1490
    1.8050    0.1892
    1.8060    0.3742
    1.8070    0.2606
    1.8080   -0.1908
    1.8090   -0.1555
    1.8100   -0.1828
    1.8110    0.0371
    1.8120   -0.0831
    1.8130   -0.0952
    1.8140   -0.4361
    1.8150    0.1043
    1.8160    0.2340
    1.8170    0.3820
    1.8180    0.1422
    1.8190    0.1488
    1.8200   -0.0840
    1.8210   -0.1161
    1.8220    0.1663
    1.8230    0.0171
    1.8240   -0.0517
    1.8250    0.0944
    1.8260   -0.1873
    1.8270    0.1714
    1.8280   -0.0795
    1.8290    0.0443
    1.8300    0.3900
    1.8310   -0.0640
    1.8320    0.2109
    1.8330    0.0462
    1.8340    0.4116
    1.8350    0.1484
    1.8360   -0.0711
    1.8370   -0.2241
    1.8380    0.1033
    1.8390   -0.2975
    1.8400   -0.3383
    1.8410    0.2050
    1.8420   -0.2472
    1.8430   -0.0767
    1.8440    0.1880
    1.8450   -0.3339
    1.8460   -0.3945
    1.8470    0.0250
    1.8480    0.0878
    1.8490   -0.3101
    1.8500   -0.0513
    1.8510    0.2507
    1.8520   -0.1329
    1.8530   -0.1967
    1.8540    0.1485
    1.8550    0.0375
    1.8560   -0.0344
    1.8570   -0.1450
    1.8580    0.3130
    1.8590   -0.2464
    1.8600   -0.3982
    1.8610   -0.0641
    1.8620   -0.0128
    1.8630   -0.1471
    1.8640    0.3623
    1.8650    0.0875
    1.8660   -0.1855
    1.8670   -0.3682
    1.8680   -0.0344
    1.8690    0.2287
    1.8700   -0.0363
    1.8710    0.2025
    1.8720   -0.0114
    1.8730   -0.1119
    1.8740   -0.0655
    1.8750   -0.0043
    1.8760   -0.0972
    1.8770    0.1289
    1.8780    0.2402
    1.8790    0.0994
    1.8800   -0.2080
    1.8810    0.0899
    1.8820   -0.0682
    1.8830   -0.0453
    1.8840   -0.3757
    1.8850    0.1228
    1.8860    0.0470
    1.8870    0.1958
    1.8880    0.0991
    1.8890   -0.1946
    1.8900    0.0612
    1.8910    0.1930
    1.8920   -0.0963
    1.8930   -0.0598
    1.8940   -0.4436
    1.8950   -0.2436
    1.8960    0.1344
    1.8970    0.4931
    1.8980   -0.1636
    1.8990    0.1942
    1.9000    0.3414
    1.9010    0.1847
    1.9020   -0.0986
    1.9030    0.2014
    1.9040   -0.1946
    1.9050    0.1082
    1.9060   -0.1546
    1.9070   -0.3309
    1.9080   -0.0075
    1.9090   -0.0512
    1.9100   -0.0681
    1.9110    0.0761
    1.9120    0.0651
    1.9130   -0.1385
    1.9140    0.0309
    1.9150   -0.2590
    1.9160    0.1943
    1.9170   -0.3587
    1.9180   -0.2284
    1.9190   -0.2156
    1.9200   -0.0463
    1.9210    0.0211
    1.9220    0.0863
    1.9230    0.2053
    1.9240    0.0498
    1.9250   -0.3357
    1.9260   -0.0803
    1.9270    0.1053
    1.9280    0.4885
    1.9290   -0.0436
    1.9300    0.0353
    1.9310   -0.0102
    1.9320    0.2183
    1.9330    0.1458
    1.9340    0.0329
    1.9350   -0.0180
    1.9360    0.1940
    1.9370   -0.4766
    1.9380    0.3118
    1.9390    0.2069
    1.9400    0.1085
    1.9410    0.1130
    1.9420    0.1768
    1.9430    0.3131
    1.9440    0.4728
    1.9450    0.0709
    1.9460    0.1724
    1.9470    0.0057
    1.9480   -0.2716
    1.9490    0.1177
    1.9500    0.1357
    1.9510   -0.1804
    1.9520   -0.0563
    1.9530   -0.4796
    1.9540   -0.0855
    1.9550    0.1416
    1.9560   -0.0629
    1.9570    0.0400
    1.9580    0.4659
    1.9590    0.3344
    1.9600   -0.2667
    1.9610   -0.1460
    1.9620    0.2480
    1.9630    0.0609
    1.9640   -0.0020
    1.9650   -0.1228
    1.9660    0.0623
    1.9670    0.2914
    1.9680   -0.2088
    1.9690    0.0332
    1.9700    0.3260
    1.9710   -0.3358
    1.9720   -0.1125
    1.9730   -0.0263
    1.9740    0.0716
    1.9750    0.2163
    1.9760   -0.0616
    1.9770   -0.0729
    1.9780   -0.0505
    1.9790   -0.0522
    1.9800    0.1334
    1.9810    0.1046
    1.9820    0.0801
    1.9830    0.0371
    1.9840   -0.0150
    1.9850   -0.0019
    1.9860   -0.1532
    1.9870   -0.5225
    1.9880   -0.3590
    1.9890   -0.0474
    1.9900   -0.0097
    1.9910    0.2990
    1.9920   -0.1041
    1.9930   -0.0832
    1.9940    0.1138
    1.9950    0.2298
    1.9960   -0.1815
    1.9970    0.2601
    1.9980    0.0538
    1.9990   -0.0310
    2.0000    0.0068