  0.0000000000000000e+000  2.1085493796399786e+000
  4.0000000000000001e-008  4.6924635962364736e-001
  8.0000000000000002e-008  4.2284388732363520e-001
  1.2000000000000002e-007  9.4476602758988359e-001
  1.6000000000000000e-007  2.9786984101290248e-001
  1.9999999999999999e-007 -4.1011672940906563e-001
  2.4000000000000003e-007 -8.3120598063091133e-003
  2.8000000000000002e-007 -1.0956652113495198e+000
  3.2000000000000001e-007 -9.1532670235397062e-001
  3.5999999999999999e-007 -1.7137164623745094e+000
  3.9999999999999998e-007 -1.1123607983903709e+000
  4.4000000000000002e-007 -1.8565382298558433e+000
  4.8000000000000006e-007 -2.1729433373283293e+000
  5.2000000000000000e-007 -3.1150651187323364e+000
  5.6000000000000004e-007 -3.0533205637971377e+000
  5.9999999999999997e-007 -2.7420475755989902e+000
  6.4000000000000001e-007 -2.8449293940623099e+000
  6.8000000000000005e-007 -3.7106521190404189e+000
  7.1999999999999999e-007 -2.8195829224226818e+000
  7.6000000000000003e-007 -2.6951387635736426e+000
  7.9999999999999996e-007 -3.6238412850882824e+000
  8.4000000000000000e-007 -3.1417170358360758e+000
  8.8000000000000004e-007 -1.6204147066496621e+000
  9.1999999999999998e-007 -2.3710931914637992e+000
  9.6000000000000013e-007 -2.3795460056108930e+000
  9.9999999999999995e-007 -1.6801741490241406e+000
  1.0400000000000000e-006 -5.3837033088123376e-001
  1.0800000000000000e-006 -5.9235466105265444e-001
  1.1200000000000001e-006 -1.5634514098289831e+000
  1.1600000000000001e-006 -3.3843248332775427e-001
  1.1999999999999999e-006 -4.8200484754876843e-001
  1.2400000000000000e-006  3.7947591489577176e-001
  1.2800000000000000e-006  9.5709620455146083e-002
  1.3200000000000001e-006  1.7242619933651668e+000
  1.3600000000000001e-006  2.2261926518729154e+000
  1.3999999999999999e-006  2.4300595889764232e+000
  1.4400000000000000e-006  2.7708501980195530e+000
  1.4800000000000000e-006  3.1209622662483723e+000
  1.5200000000000001e-006  2.2797934409733678e+000
  1.5600000000000001e-006  2.5786302176384894e+000
  1.5999999999999999e-006  2.2414442374272237e+000
  1.6400000000000000e-006  2.0064057434110176e+000
  1.6800000000000000e-006  2.5296823611688248e+000
  1.7200000000000000e-006  2.3014433139943509e+000
  1.7600000000000001e-006  2.8986772956275009e+000
  1.8000000000000001e-006  2.5531829204269769e+000
  1.8400000000000000e-006  2.7841421832848359e+000
  1.8800000000000000e-006  1.8842167481900876e+000
  1.9200000000000003e-006  2.2688904572179256e+000
  1.9599999999999999e-006  1.9114863014005401e+000
  1.9999999999999999e-006  6.8010158606760318e-001
  2.0400000000000000e-006  1.8306852830173892e-001
  2.0800000000000000e-006 -3.6007220690775221e-001
  2.1200000000000000e-006  1.1073437525579716e-001
  2.1600000000000001e-006  1.0468673510207088e-001
  2.2000000000000001e-006 -5.7880928297432299e-002
  2.2400000000000002e-006 -1.1823870345735288e+000
  2.2800000000000002e-006 -1.2581260001128913e+000
  2.3200000000000002e-006 -2.5253224301512929e+000
  2.3599999999999999e-006 -8.2095360099069148e-001
  2.3999999999999999e-006 -2.4009950229465380e+000
  2.4399999999999999e-006 -2.0835267948022693e+000
  2.4800000000000000e-006 -3.3003327492123358e+000
  2.5200000000000000e-006 -2.9334096785095132e+000
  2.5600000000000001e-006 -2.3532926117607342e+000
  2.6000000000000001e-006 -3.5403701907955676e+000
  2.6400000000000001e-006 -2.7401012535918134e+000
  2.6800000000000002e-006 -3.5879500231454386e+000
  2.7200000000000002e-006 -2.6343646317876974e+000
  2.7600000000000003e-006 -2.6251640531688833e+000
  2.7999999999999999e-006 -2.8024173726006465e+000
  2.8399999999999999e-006 -1.6690439331672948e+000
  2.8800000000000000e-006 -3.1544893959898568e+000
  2.9200000000000000e-006 -1.8309588196828841e+000
  2.9600000000000000e-006 -9.2343912127106598e-001
  3.0000000000000001e-006 -1.3446155015700532e+000
  3.0400000000000001e-006 -8.0851862461159385e-001
  3.0800000000000002e-006 -8.9963008357863294e-001
  3.1200000000000002e-006  2.5430716229355999e-003
  3.1600000000000002e-006 -9.6104846761583795e-001
  3.1999999999999999e-006 -2.5225746218716821e-001
  3.2399999999999999e-006  1.4000917694898873e-001
  3.2799999999999999e-006  4.7307867021714334e-001
  3.3200000000000000e-006  2.5865821567255525e+000
  3.3600000000000000e-006  2.5773872740499275e+000
  3.4000000000000001e-006  1.6975629509273364e+000
  3.4400000000000001e-006  2.4918771320418891e+000
  3.4800000000000001e-006  1.6719029380982837e+000
  3.5200000000000002e-006  2.3341525243951944e+000
  3.5600000000000002e-006  2.6869749274437487e+000
  3.6000000000000003e-006  3.0871594246411371e+000
  3.6399999999999999e-006  3.5914272396176923e+000
  3.6799999999999999e-006  3.3059612685178563e+000
  3.7200000000000000e-006  2.9480928498792669e+000
  3.7600000000000000e-006  3.4931910481984159e+000
  3.8000000000000000e-006  2.6486074406880662e+000
  3.8400000000000005e-006  2.8935679345499743e+000
  3.8800000000000001e-006  3.3682077933126671e+000
  3.9199999999999997e-006  1.5139864176360562e+000
  3.9600000000000002e-006  1.6734599412432400e+000
  3.9999999999999998e-006  1.0102560687641082e+000
  4.0400000000000003e-006  3.7822555257608914e-001
  4.0799999999999999e-006  1.3018212808324374e+000
  4.1200000000000004e-006  2.0750706323261001e-001
  4.1600000000000000e-006 -7.8801635228119749e-001
  4.2000000000000004e-006 -8.2562195425461926e-001
  4.2400000000000001e-006 -1.9230121227712549e-001
  4.2799999999999997e-006 -7.2231964429232232e-001
  4.3200000000000001e-006 -1.3335632063115928e+000
  4.3599999999999998e-006 -2.5047196559740810e+000
  4.4000000000000002e-006 -2.2675962627677535e+000
  4.4399999999999998e-006 -2.7521407622648817e+000
  4.4800000000000003e-006 -1.8293990042985331e+000
  4.5199999999999999e-006 -3.0183514115248649e+000
  4.5600000000000004e-006 -2.4075449291680870e+000
  4.6000000000000000e-006 -2.0867235600204546e+000
  4.6400000000000005e-006 -2.3208528742093026e+000
  4.6800000000000001e-006 -2.6864710453189122e+000
  4.7199999999999997e-006 -3.6027839258078722e+000
  4.7600000000000002e-006 -1.7099234747190009e+000
  4.7999999999999998e-006 -3.4014302803820731e+000
  4.8400000000000002e-006 -2.9092075260389998e+000
  4.8799999999999999e-006 -2.3592530241423124e+000
  4.9200000000000003e-006 -1.7256529633773203e+000
  4.9599999999999999e-006 -1.6770775695360141e+000
  5.0000000000000004e-006 -1.9015336627883850e+000
  5.0400000000000000e-006 -1.6598793469594701e+000
  5.0800000000000005e-006 -1.5576551222612589e+000
  5.1200000000000001e-006 -6.2886654936621267e-001
  5.1599999999999997e-006 -2.0679765553099011e-001
  5.2000000000000002e-006  2.4337229636894175e-001
  5.2399999999999998e-006  4.9448934775782705e-001
  5.2800000000000003e-006  1.2974006207357105e+000
  5.3199999999999999e-006  1.3196376670256271e+000
  5.3600000000000004e-006  1.4188156814298836e+000
  5.4000000000000000e-006  1.8689453652122054e+000
  5.4400000000000004e-006  3.0907919065691729e+000
  5.4800000000000000e-006  2.5312883465188976e+000
  5.5200000000000005e-006  3.2177943857863598e+000
  5.5600000000000001e-006  2.6430248963662959e+000
  5.5999999999999997e-006  2.5837793352752856e+000
  5.6400000000000002e-006  3.6860895789811057e+000
  5.6799999999999998e-006  3.3033402953360156e+000
  5.7200000000000003e-006  2.6563088352490674e+000
  5.7599999999999999e-006  3.5598728541020090e+000
  5.8000000000000004e-006  2.6224507403086328e+000
  5.8400000000000000e-006  2.5329081600295682e+000
  5.8800000000000005e-006  2.3258769545661884e+000
  5.9200000000000001e-006  2.0214231185239049e+000
  5.9600000000000005e-006  1.9555673397400164e+000
  6.0000000000000002e-006  7.8460521700053798e-001
  6.0399999999999998e-006  1.4370932004820194e+000
  6.0800000000000002e-006 -4.2167293463507383e-001
  6.1199999999999999e-006  4.2971246583778849e-001
  6.1600000000000003e-006 -4.9909027650535881e-001
  6.1999999999999999e-006 -8.5006934641500664e-002
  6.2400000000000004e-006 -1.1900520730514779e+000
  6.2800000000000000e-006 -6.1171479383405503e-001
  6.3200000000000005e-006 -1.7411974861042925e+000
  6.3600000000000001e-006 -2.1835039280088475e+000
  6.3999999999999997e-006 -1.8712093474633775e+000
  6.4400000000000002e-006 -2.4531444681938366e+000
  6.4799999999999998e-006 -2.7619647039196091e+000
  6.5200000000000003e-006 -2.9645615472003790e+000
  6.5599999999999999e-006 -2.4095206569852210e+000
  6.6000000000000003e-006 -3.1807756117766477e+000
  6.6400000000000000e-006 -3.0460435287078873e+000
  6.6800000000000004e-006 -3.2953384717574403e+000
  6.7200000000000000e-006 -3.0462713376268273e+000
  6.7600000000000005e-006 -3.2660808947509699e+000
  6.8000000000000001e-006 -2.4827311396509817e+000
  6.8399999999999997e-006 -2.4337750227377435e+000
  6.8800000000000002e-006 -1.9274360758980396e+000
  6.9199999999999998e-006 -1.9723022612395913e+000
  6.9600000000000003e-006 -1.6503232334338680e+000
  6.9999999999999999e-006 -1.4046563850360927e+000
  7.0400000000000004e-006 -3.8885318102350019e-001
  7.0800000000000000e-006 -8.7023604534641530e-001
  7.1200000000000004e-006 -6.1809015903585163e-001
  7.1600000000000001e-006  7.7157311025324124e-002
  7.2000000000000005e-006  1.1332596590929878e-001
  7.2400000000000001e-006  2.2994905859979986e-002
  7.2799999999999998e-006  7.4806378177318311e-001
  7.3200000000000002e-006  1.1111385662471709e+000
  7.3599999999999998e-006  1.9468327479985850e+000
  7.4000000000000003e-006  2.2735528560039708e+000
  7.4399999999999999e-006  2.1668681102311345e+000
  7.4800000000000004e-006  2.6152326785019562e+000
  7.5200000000000000e-006  2.2416539607659125e+000
  7.5600000000000005e-006  2.7840590123914986e+000
  7.6000000000000001e-006  2.7816949813998764e+000
  7.6399999999999997e-006  3.3357213404794184e+000
  7.6800000000000010e-006  3.4293358497354873e+000
  7.7200000000000006e-006  2.6835192686026508e+000
  7.7600000000000002e-006  1.9068956700687716e+000
  7.7999999999999999e-006  2.7710072891962687e+000
  7.8399999999999995e-006  3.1505469638401484e+000
  7.8800000000000008e-006  2.9083111615104906e+000
  7.9200000000000004e-006  2.4125839838777345e+000
  7.9600000000000000e-006  2.3099536732270964e+000
  7.9999999999999996e-006  1.0343886466210015e+000
  8.0400000000000009e-006  5.3411252472835480e-001
  8.0800000000000006e-006  1.0363583044137448e+000
  8.1200000000000002e-006  3.6118876319577009e-001
  8.1599999999999998e-006 -5.3007514270322365e-001
  8.1999999999999994e-006  3.9342608016167180e-002
  8.2400000000000007e-006  5.0688896049037035e-003
  8.2800000000000003e-006 -9.1533073317828961e-001
  8.3200000000000000e-006 -1.2498219341992147e+000
  8.3599999999999996e-006 -1.6500642591767782e+000
  8.4000000000000009e-006 -2.3611469910713789e+000
  8.4400000000000005e-006 -2.2607634826899194e+000
  8.4800000000000001e-006 -2.0710818877626505e+000
  8.5199999999999997e-006 -3.2585158461198569e+000
  8.5599999999999994e-006 -2.3562789770937065e+000
  8.6000000000000007e-006 -2.3063765925413660e+000
  8.6400000000000003e-006 -3.0326270223685508e+000
  8.6799999999999999e-006 -3.0548186176163785e+000
  8.7199999999999995e-006 -2.2725450620197498e+000
  8.7600000000000008e-006 -2.6350306476581533e+000
  8.8000000000000004e-006 -2.5183693803355629e+000
  8.8400000000000001e-006 -2.6409688341267001e+000
  8.8799999999999997e-006 -2.7591587198687662e+000
  8.9200000000000010e-006 -2.3246552545311627e+000
  8.9600000000000006e-006 -1.6049875083712986e+000
  9.0000000000000002e-006 -1.9588181520497616e+000
  9.0399999999999998e-006 -1.1779204854113423e+000
  9.0799999999999995e-006 -1.1747814216380550e+000
  9.1200000000000008e-006 -1.1087245882973089e+000
  9.1600000000000004e-006  7.5217493533906299e-001
  9.2000000000000000e-006  7.4834945885114668e-001
  9.2399999999999996e-006  5.8192785924707013e-001
  9.2800000000000009e-006  1.6193343366980599e+000
  9.3200000000000006e-006  1.4314254894603122e+000
  9.3600000000000002e-006  1.9482385948082790e+000
  9.3999999999999998e-006  2.2220539465918612e+000
  9.4399999999999994e-006  2.4220478655270590e+000
  9.4800000000000007e-006  2.5053344922726568e+000
  9.5200000000000003e-006  2.6816481818254139e+000
  9.5599999999999999e-006  2.4714608342809150e+000
  9.5999999999999996e-006  3.5236364469107668e+000
  9.6400000000000009e-006  2.8404473058271957e+000
  9.6800000000000005e-006  2.9764772477994939e+000
  9.7200000000000001e-006  2.4212967137942951e+000
  9.7599999999999997e-006  2.8876143363712758e+000
  9.8000000000000010e-006  3.4907485050564175e+000
  9.8400000000000007e-006  2.0098263846211064e+000
  9.8800000000000003e-006  2.7116686248182176e+000
  9.9199999999999999e-006  1.3666366265386203e+000
  9.9599999999999995e-006  2.0818234963441182e+000
  1.0000000000000001e-005  2.2690243845209883e+000
  1.0040000000000000e-005  1.2245849735892200e+000
  1.0080000000000000e-005  2.2920782270956308e-001
  1.0120000000000000e-005  1.2976867666636442e+000
  1.0160000000000001e-005 -4.6218954295625148e-001
  1.0200000000000001e-005 -6.5007077577756656e-001
  1.0240000000000000e-005 -4.6599740988631938e-001
  1.0280000000000000e-005 -8.5818739753056317e-001
  1.0319999999999999e-005 -1.4282585722427261e+000
  1.0360000000000001e-005 -1.5855957580967504e+000
  1.0400000000000000e-005 -1.7886804514931172e+000
  1.0440000000000000e-005 -2.3554221227666257e+000
  1.0480000000000000e-005 -2.3659162110440026e+000
  1.0520000000000001e-005 -2.8723845071486571e+000
  1.0560000000000001e-005 -3.0932143052102861e+000
  1.0600000000000000e-005 -3.1899193012646259e+000
  1.0640000000000000e-005 -2.9500044807346839e+000
  1.0679999999999999e-005 -3.5023677450241779e+000
  1.0720000000000001e-005 -3.3072523742910924e+000
  1.0760000000000000e-005 -2.9322104995052234e+000
  1.0800000000000000e-005 -2.5618234601220151e+000
  1.0840000000000000e-005 -2.6683676544166275e+000
  1.0880000000000001e-005 -2.3523068499303346e+000
  1.0920000000000000e-005 -2.4138887595503848e+000
  1.0960000000000000e-005 -2.5744983617912141e+000
  1.1000000000000000e-005 -1.8018762903817300e+000
  1.1040000000000001e-005 -1.4587620178918570e+000
  1.1080000000000001e-005 -9.1597419022351412e-002
  1.1120000000000000e-005  7.3908220053725882e-002
  1.1160000000000000e-005  1.9201279311331215e-001
  1.1199999999999999e-005  9.2497302442988227e-001
  1.1240000000000001e-005  7.2606428409754387e-001
  1.1280000000000000e-005  7.6126444302881069e-001
  1.1320000000000000e-005  1.8190482277507003e+000
  1.1360000000000000e-005  1.3729620198190466e+000
  1.1400000000000001e-005  1.6170493552736422e+000
  1.1440000000000001e-005  2.5421802504105950e+000
  1.1480000000000000e-005  2.2079187490438179e+000
  1.1520000000000000e-005  2.1660748475998246e+000
  1.1559999999999999e-005  2.4396344037294853e+000
  1.1600000000000001e-005  2.6157782800940410e+000
  1.1640000000000000e-005  2.3038102395963063e+000
  1.1680000000000000e-005  2.6262597810604409e+000
  1.1720000000000000e-005  3.2214878255153283e+000
  1.1760000000000001e-005  3.9544417399129155e+000
  1.1800000000000001e-005  2.4469988242842939e+000
  1.1840000000000000e-005  2.8654001985837034e+000
  1.1880000000000000e-005  3.2411120698869951e+000
  1.1920000000000001e-005  2.0910728773281417e+000
  1.1960000000000001e-005  1.6240561573453798e+000
  1.2000000000000000e-005  1.6049729390804228e+000
  1.2040000000000000e-005  1.2664808365646671e+000
  1.2080000000000000e-005  3.9545771772467386e-001
  1.2120000000000001e-005  4.9509673791559494e-001
  1.2160000000000000e-005 -2.3351871832510429e-001
  1.2200000000000000e-005 -8.6218864175684151e-001
  1.2240000000000000e-005 -6.2579793430920694e-001
  1.2280000000000001e-005 -5.9617310369658105e-001
  1.2320000000000001e-005 -1.0910100632616797e+000
  1.2360000000000000e-005 -1.7112673531886120e+000
  1.2400000000000000e-005 -1.6560175747653330e+000
  1.2439999999999999e-005 -1.7314061730166785e+000
  1.2480000000000001e-005 -2.5691618739181616e+000
  1.2520000000000000e-005 -2.8510367206229508e+000
  1.2560000000000000e-005 -2.4773021641361290e+000
  1.2600000000000000e-005 -2.9386292546455741e+000
  1.2640000000000001e-005 -2.0551528142027022e+000
  1.2680000000000001e-005 -3.6453467124286170e+000
  1.2720000000000000e-005 -3.7047121500639326e+000
  1.2760000000000000e-005 -3.4033496427469077e+000
  1.2799999999999999e-005 -2.6712441331126642e+000
  1.2840000000000001e-005 -2.5951402946928375e+000
  1.2880000000000000e-005 -2.4701212619154052e+000
  1.2920000000000000e-005 -1.6309690309434695e+000
  1.2960000000000000e-005 -1.8900356705207486e+000
  1.3000000000000001e-005 -1.2419165087624988e+000
  1.3040000000000001e-005 -3.4881886478085233e-001
  1.3080000000000000e-005 -2.2768607945772457e-001
  1.3120000000000000e-005 -6.8208836485295576e-001
  1.3160000000000001e-005  1.0470852702719979e+000
  1.3200000000000001e-005  7.9957779846081944e-001
  1.3240000000000000e-005  8.0086702308077184e-001
  1.3280000000000000e-005  5.1332542263927583e-001
  1.3320000000000000e-005  2.2413336724643500e+000
  1.3360000000000001e-005  1.6563421556067341e+000
  1.3400000000000000e-005  1.9504644324959759e+000
  1.3440000000000000e-005  2.2856748004244087e+000
  1.3480000000000000e-005  2.6117775050037308e+000
  1.3520000000000001e-005  3.7935358335961187e+000
  1.3560000000000001e-005  3.5093984164321799e+000
  1.3600000000000000e-005  2.8942722043983622e+000
  1.3640000000000000e-005  3.7842037725098141e+000
  1.3679999999999999e-005  2.8215173105588089e+000
  1.3720000000000001e-005  2.4246161983657806e+000
  1.3760000000000000e-005  2.6441405479043976e+000
  1.3800000000000000e-005  2.4371065708868733e+000
  1.3840000000000000e-005  2.5037511161060122e+000
  1.3880000000000001e-005  2.3167375183596643e+000
  1.3920000000000001e-005  2.5120866634757233e+000
  1.3960000000000000e-005  1.4613007079989275e+000
  1.4000000000000000e-005  2.0001107793994630e+000
  1.4040000000000001e-005  1.0093598450442192e+000
  1.4080000000000001e-005  1.0626688175679069e+000
  1.4120000000000000e-005  1.3575902414756635e+000
  1.4160000000000000e-005  1.3080151158834324e-001
  1.4200000000000000e-005 -6.2814728414666010e-002
  1.4240000000000001e-005 -1.0319990973805442e+000
  1.4280000000000000e-005 -9.2971566340726652e-001
  1.4320000000000000e-005 -1.7842231823834940e+000
  1.4360000000000000e-005 -1.7979620033909260e+000
  1.4400000000000001e-005 -2.3612073927230073e+000
  1.4440000000000001e-005 -2.2257835952166314e+000
  1.4480000000000000e-005 -2.9392277544048349e+000
  1.4520000000000000e-005 -2.2585777171626171e+000
  1.4560000000000000e-005 -2.7012282246614485e+000
  1.4600000000000001e-005 -3.5758258909996563e+000
  1.4640000000000000e-005 -3.9692016759175361e+000
  1.4680000000000000e-005 -3.7497879176677835e+000
  1.4720000000000000e-005 -3.4248650326788557e+000
  1.4760000000000001e-005 -2.8775183932311363e+000
  1.4800000000000001e-005 -2.5489717968791155e+000
  1.4840000000000000e-005 -3.1710786297416389e+000
  1.4880000000000000e-005 -3.2474835387204477e+000
  1.4920000000000001e-005 -2.3481401471080949e+000
  1.4960000000000001e-005 -2.6683921598833593e+000
  1.4999999999999999e-005 -1.6198350412822928e+000
  1.5039999999999997e-005 -1.7407688390349620e+000
  1.5079999999999996e-005 -5.8441016279719771e-001
  1.5119999999999998e-005 -7.5777411211763979e-001
  1.5159999999999997e-005 -2.9625387493487761e-002
  1.5199999999999997e-005 -1.6889143676677082e-001
  1.5239999999999996e-005  1.5525349951083109e+000
  1.5279999999999996e-005  1.0886612770106285e+000
  1.5319999999999996e-005  1.2514364354882890e+000
  1.5359999999999995e-005  1.0488700379440017e+000
  1.5399999999999995e-005  2.1774701409577530e+000
  1.5439999999999998e-005  1.7237544040038060e+000
  1.5479999999999997e-005  1.9149096311634846e+000
  1.5519999999999997e-005  2.3334661445802305e+000
  1.5559999999999997e-005  2.5005104692650311e+000
  1.5599999999999996e-005  2.6233784143726324e+000
  1.5639999999999999e-005  3.8197793838475884e+000
  1.5679999999999999e-005  3.3214402335589237e+000
  1.5719999999999999e-005  3.6361109918871062e+000
  1.5759999999999998e-005  1.5324381928298154e+000
  1.5799999999999998e-005  2.6023298930324996e+000
  1.5839999999999997e-005  2.4911718680891268e+000
  1.5879999999999997e-005  2.1896526421690705e+000
  1.5919999999999997e-005  2.9232693968003112e+000
  1.5959999999999996e-005  1.5551023007478015e+000
  1.5999999999999996e-005  1.0948607365323662e+000
  1.6039999999999996e-005  1.3215350998427715e+000
  1.6079999999999995e-005  1.8422302539120139e-001
  1.6119999999999995e-005  1.2518807252459103e+000
  1.6159999999999998e-005  5.6776265852213936e-001
  1.6199999999999997e-005  8.5175687498780950e-001
  1.6239999999999997e-005 -4.0791811328475297e-001
  1.6279999999999997e-005 -9.4343047916079747e-001
  1.6320000000000000e-005 -7.7058623048317443e-001
  1.6359999999999999e-005 -1.6445103996562092e+000
  1.6399999999999999e-005 -2.0171216715259623e+000
  1.6439999999999998e-005 -2.7429639127972432e+000
  1.6479999999999998e-005 -2.8858614087688021e+000
  1.6519999999999998e-005 -2.7056565867396833e+000
  1.6559999999999997e-005 -2.5021694024003178e+000
  1.6599999999999997e-005 -2.4452360979823453e+000
  1.6639999999999997e-005 -3.3169579392398441e+000
  1.6679999999999996e-005 -3.2336735516496633e+000
  1.6719999999999996e-005 -3.4000435361075869e+000
  1.6759999999999995e-005 -3.4962159781367772e+000
  1.6799999999999995e-005 -2.5944357382844689e+000
  1.6839999999999995e-005 -2.7153201010643970e+000
  1.6879999999999998e-005 -1.6830879031731387e+000
  1.6919999999999997e-005 -2.3145854541874988e+000
  1.6959999999999997e-005 -1.3767958795113344e+000
  1.6999999999999996e-005 -1.7558351322087382e+000
  1.7039999999999999e-005 -9.3673972166081343e-001
  1.7079999999999999e-005 -1.9153291071054579e-001
  1.7119999999999999e-005 -5.3106905496150913e-001
  1.7159999999999998e-005  4.6031597226055737e-002
  1.7199999999999998e-005 -1.0030102664271612e+000
  1.7239999999999998e-005  4.4933881392299813e-001
  1.7279999999999997e-005  1.1456716504970916e+000
  1.7319999999999997e-005  1.4450513970900427e+000
  1.7359999999999996e-005  2.5432468581079370e+000
  1.7399999999999996e-005  2.1776807353079142e+000
  1.7439999999999996e-005  2.2701629997079720e+000
  1.7479999999999995e-005  2.7598132769978947e+000
  1.7519999999999995e-005  2.0408005983851529e+000
  1.7559999999999998e-005  2.5992055837253494e+000
  1.7599999999999998e-005  3.1827339181228771e+000
  1.7639999999999997e-005  2.8730130397776330e+000
  1.7679999999999997e-005  1.8004734453622315e+000
  1.7719999999999996e-005  3.3195295803912801e+000
  1.7759999999999999e-005  2.1877492678255481e+000
  1.7799999999999999e-005  2.1092803066574661e+000
  1.7839999999999999e-005  2.7789101917641363e+000
  1.7879999999999998e-005  2.2295910655698736e+000
  1.7919999999999998e-005  1.7092997832383534e+000
  1.7959999999999997e-005  1.0239810351701786e+000
  1.7999999999999997e-005  1.1888450827994674e+000
  1.8039999999999997e-005  6.8912058282329713e-002
  1.8079999999999996e-005  9.8413037345636967e-001
  1.8119999999999996e-005  4.0058549407040867e-001
  1.8159999999999996e-005 -5.9001533921965987e-001
  1.8199999999999995e-005 -4.1228241048471231e-001
  1.8239999999999995e-005  7.8347287472005922e-001
  1.8279999999999998e-005 -9.3409905812003946e-001
  1.8319999999999997e-005 -1.1906591777428226e+000
  1.8359999999999997e-005 -9.0704080863853698e-001
  1.8399999999999997e-005 -1.8143111838154942e+000
  1.8440000000000000e-005 -2.2661312685592376e+000
  1.8479999999999999e-005 -2.4625134759091676e+000
  1.8519999999999999e-005 -2.5275382634961119e+000
  1.8559999999999998e-005 -2.2976983130339463e+000
  1.8599999999999998e-005 -2.7840267140982049e+000
  1.8639999999999998e-005 -2.4033842069099638e+000
  1.8679999999999997e-005 -3.0520758992349659e+000
  1.8719999999999997e-005 -2.5443670521702542e+000
  1.8759999999999997e-005 -3.1318724385735091e+000
  1.8799999999999996e-005 -2.3141231112958356e+000
  1.8839999999999996e-005 -3.1536528403079780e+000
  1.8879999999999995e-005 -2.5782805573764431e+000
  1.8919999999999995e-005 -2.3520444099743525e+000
  1.8959999999999995e-005 -9.1195100156847642e-001
  1.8999999999999998e-005 -2.0063740913757688e+000
  1.9039999999999997e-005 -1.7826913515551168e+000
  1.9079999999999997e-005 -6.7347696596025952e-001
  1.9119999999999997e-005 -1.0421252311247167e+000
  1.9160000000000000e-005 -5.8786346578079818e-001
  1.9199999999999999e-005  5.4791829698252270e-001
  1.9239999999999999e-005  8.2650261424370441e-001
  1.9279999999999998e-005  1.7163147200035982e+000
  1.9319999999999998e-005  1.5801868264115080e+000
  1.9359999999999998e-005  2.4298560075964120e+000
  1.9399999999999997e-005  2.4071857551552420e+000
  1.9439999999999997e-005  3.0852654355800255e+000
  1.9479999999999996e-005  2.5633171439804601e+000
  1.9519999999999996e-005  1.6447533195315307e+000
  1.9559999999999996e-005  2.5095718698841187e+000
  1.9599999999999995e-005  2.8085766980573141e+000
  1.9639999999999995e-005  3.0845867909857105e+000
  1.9679999999999998e-005  2.7635973186894094e+000
  1.9719999999999998e-005  3.2233579081167179e+000
  1.9759999999999997e-005  2.9942863990477520e+000
  1.9799999999999997e-005  3.7138506455709090e+000
  1.9839999999999996e-005  1.9275656656085260e+000
  1.9879999999999999e-005  2.3548091265482980e+000
  1.9919999999999999e-005  1.9172622882672745e+000
  1.9959999999999999e-005  2.4472153235817533e+000
  1.9999999999999998e-005  1.7690186713586593e+000
  2.0039999999999998e-005  1.5659590763978517e+000
  2.0079999999999997e-005  7.5102374964483187e-001
  2.0119999999999997e-005  8.9469519039034351e-001
  2.0159999999999997e-005  8.2514313404206330e-001
  2.0199999999999996e-005 -6.5976791900446963e-001
  2.0239999999999996e-005 -1.1362900800613844e+000
  2.0279999999999996e-005 -1.0105192238731404e+000
  2.0319999999999995e-005 -1.7341215149771603e+000
  2.0359999999999995e-005 -1.0966898554413078e+000
  2.0399999999999998e-005 -2.1446712887655175e+000
  2.0439999999999997e-005 -2.8227848372725002e+000
  2.0479999999999997e-005 -2.4581658869233927e+000
  2.0519999999999997e-005 -3.0800101483343347e+000
  2.0560000000000000e-005 -3.5649048043006775e+000
  2.0599999999999999e-005 -2.7360202527056798e+000
  2.0639999999999999e-005 -3.2716220724657714e+000
  2.0679999999999999e-005 -2.8082876793131644e+000
  2.0719999999999998e-005 -2.3727422618454419e+000
  2.0759999999999998e-005 -2.8948643721768401e+000
  2.0799999999999997e-005 -3.0581668640283795e+000
  2.0839999999999997e-005 -2.4004011175788107e+000
  2.0879999999999997e-005 -1.9099864785142984e+000
  2.0919999999999996e-005 -1.8897177996944610e+000
  2.0959999999999996e-005 -1.8340715521019615e+000
  2.0999999999999995e-005 -1.5350717875477939e+000
  2.1039999999999995e-005 -1.6698729811055710e+000
  2.1079999999999995e-005 -8.7363282454493429e-001
  2.1119999999999998e-005 -4.5864930738118359e-001
  2.1159999999999997e-005  2.3855693619322099e-001
  2.1199999999999997e-005  7.0471565242844658e-001
  2.1239999999999997e-005  7.9237192136880175e-001
  2.1280000000000000e-005  6.4082651955084158e-001
  2.1319999999999999e-005  6.9725750029778755e-001
  2.1359999999999999e-005  1.7575777709557763e+000
  2.1399999999999998e-005  1.9003808061036218e+000
  2.1439999999999998e-005  2.3464192812121629e+000
  2.1479999999999998e-005  1.3210546061035453e+000
  2.1519999999999997e-005  2.9972043340271104e+000
  2.1559999999999997e-005  2.9884399937094877e+000
  2.1599999999999996e-005  2.8890526027368142e+000
  2.1639999999999996e-005  2.7910169615377840e+000
  2.1679999999999996e-005  3.2947068452841886e+000
  2.1719999999999995e-005  3.0680847070233517e+000
  2.1759999999999995e-005  2.5137059325904740e+000
  2.1799999999999998e-005  2.7465073538363738e+000
  2.1839999999999998e-005  2.0885906785488886e+000
  2.1879999999999997e-005  1.9619089950537323e+000
  2.1919999999999997e-005  2.8633702915442130e+000
  2.1959999999999996e-005  8.7962389095038673e-001
  2.1999999999999999e-005  8.8952271767709412e-001
  2.2039999999999999e-005  2.4876255292393039e+000
  2.2079999999999999e-005  8.5422204429176651e-001
  2.2119999999999998e-005  6.3636590265148696e-001
  2.2159999999999998e-005  7.4159563612438384e-001
  2.2199999999999998e-005 -1.2841586458638039e+000
  2.2239999999999997e-005  1.9524141847665699e-001
  2.2279999999999997e-005 -5.1559597634449039e-001
  2.2319999999999996e-005 -1.9132837141583119e+000
  2.2359999999999996e-005 -1.8481536828775438e+000
  2.2399999999999996e-005 -1.7889585314433456e+000
  2.2439999999999995e-005 -2.7038784147489876e+000
  2.2479999999999998e-005 -2.8187739717834797e+000
  2.2519999999999998e-005 -2.9467729037781858e+000
  2.2559999999999997e-005 -2.9073702611988836e+000
  2.2599999999999997e-005 -3.2598749455336229e+000
  2.2639999999999997e-005 -2.6896419568856436e+000
  2.2679999999999996e-005 -2.9503215250428494e+000
  2.2719999999999999e-005 -2.2673705357959095e+000
  2.2759999999999999e-005 -3.2493724259511492e+000
  2.2799999999999999e-005 -2.2568776742625278e+000
  2.2839999999999998e-005 -2.2966144426042212e+000
  2.2879999999999998e-005 -2.0295354114457416e+000
  2.2919999999999997e-005 -2.1445832381193464e+000
  2.2959999999999997e-005 -1.8551421131168646e+000
  2.2999999999999997e-005 -2.1675563386920000e+000
  2.3039999999999996e-005 -5.7590673024292627e-001
  2.3079999999999996e-005 -9.0182925735376074e-001
  2.3119999999999995e-005 -2.4041464278258456e-001
  2.3159999999999998e-005  3.0953043751974574e-001
  2.3199999999999998e-005  1.8826886988123598e-001
  2.3239999999999998e-005  7.6774261862722049e-001
  2.3279999999999997e-005  8.2806703467342180e-001
  2.3319999999999997e-005  1.9752975827952155e+000
  2.3359999999999997e-005  1.2575503599757427e+000
  2.3399999999999996e-005  2.6581164022076176e+000
  2.3439999999999999e-005  2.7916709200228143e+000
  2.3479999999999999e-005  3.2363767593492145e+000
  2.3519999999999998e-005  2.8304789015333718e+000
  2.3559999999999998e-005  3.5562137254884227e+000
  2.3599999999999998e-005  2.9044411820928189e+000
  2.3639999999999997e-005  2.9102433733386803e+000
  2.3679999999999997e-005  2.7849499688948338e+000
  2.3719999999999997e-005  3.1853487076978526e+000
  2.3759999999999996e-005  2.6645456570726576e+000
  2.3799999999999996e-005  2.7113592023855189e+000
  2.3839999999999995e-005  2.4395139695926558e+000
  2.3879999999999998e-005  2.2444819224520542e+000
  2.3919999999999998e-005  1.0354418894046906e+000
  2.3959999999999998e-005  1.6960308575664405e+000
  2.3999999999999997e-005  6.4590022462995500e-001
  2.4039999999999997e-005  1.3236781153749764e+000
  2.4079999999999996e-005  1.1766927277760766e+000
  2.4119999999999996e-005  8.9546563375592247e-002
  2.4159999999999999e-005  4.0867937074143129e-001
  2.4199999999999999e-005 -9.9637959618006255e-002
  2.4239999999999998e-005 -6.7885760310979115e-001
  2.4279999999999998e-005 -1.6775303881938342e-001
  2.4319999999999998e-005 -1.0040472959548314e+000
  2.4359999999999997e-005 -1.7277033088042402e+000
  2.4399999999999997e-005 -1.6567576905113084e+000
  2.4439999999999996e-005 -1.9460637510313770e+000
  2.4479999999999996e-005 -1.6565994955309145e+000
  2.4519999999999996e-005 -3.3820380356241619e+000
  2.4559999999999995e-005 -2.4686104707461811e+000
  2.4599999999999998e-005 -2.8325538764696732e+000
  2.4639999999999998e-005 -3.4415462513869910e+000
  2.4679999999999997e-005 -3.8265852163293963e+000
  2.4719999999999997e-005 -3.4034499347963409e+000
  2.4759999999999997e-005 -2.9198464402733038e+000
  2.4799999999999996e-005 -2.5363840160096247e+000
  2.4839999999999999e-005 -2.2291635952365683e+000
  2.4879999999999999e-005 -2.5097528983892001e+000
  2.4919999999999999e-005 -2.2146009854340680e+000
  2.4959999999999998e-005 -1.4762112368715221e+000
  2.4999999999999998e-005 -1.0843742807039429e+000
  2.5039999999999997e-005 -5.6145185542383957e-001
  2.5079999999999997e-005 -1.7558070788029814e+000
  2.5119999999999997e-005 -1.0419742787874169e+000
  2.5159999999999996e-005  8.0238927783515462e-002
  2.5199999999999996e-005  8.3921142528180392e-001
  2.5239999999999996e-005  2.3717840582750960e-001
  2.5279999999999999e-005  9.0068563453656403e-001
  2.5319999999999998e-005  1.1619402936086127e+000
  2.5359999999999998e-005  1.6784884747029090e+000
  2.5399999999999997e-005  1.7809949347586307e+000
  2.5439999999999997e-005  2.6497410358718558e+000
  2.5479999999999997e-005  1.7236601831921619e+000
  2.5519999999999996e-005  3.6977675823757794e+000
  2.5559999999999999e-005  2.1512725079507766e+000
  2.5599999999999999e-005  3.4388303232457269e+000
  2.5639999999999998e-005  3.5681934074586255e+000
  2.5679999999999998e-005  2.9140844410015960e+000
  2.5719999999999998e-005  3.0479558164491816e+000
  2.5759999999999997e-005  2.6475326413725186e+000
  2.5799999999999997e-005  3.1331783903571213e+000
  2.5839999999999997e-005  2.7263386789167359e+000
  2.5879999999999996e-005  2.4665597929199108e+000
  2.5919999999999996e-005  2.5288662473004302e+000
  2.5959999999999995e-005  1.7713448039329105e+000
  2.5999999999999998e-005  2.1007464066841521e+000
  2.6039999999999998e-005  1.1508830215751233e+000
  2.6079999999999998e-005  1.1535517640892470e+000
  2.6119999999999997e-005  4.7659855511422439e-001
  2.6159999999999997e-005  3.2034064400631834e-001
  2.6199999999999996e-005 -2.2301399717022813e-001
  2.6239999999999996e-005 -3.9064423986033059e-001
  2.6279999999999999e-005 -1.2555180919455327e+000
  2.6319999999999999e-005 -7.9073416096424332e-001
  2.6359999999999998e-005 -1.8809740594133566e+000
  2.6399999999999998e-005 -1.8235341000461589e+000
  2.6439999999999998e-005 -2.8388876042141815e+000
  2.6479999999999997e-005 -1.8084488241847874e+000
  2.6519999999999997e-005 -2.2640801122062708e+000
  2.6559999999999996e-005 -2.9830604544858255e+000
  2.6599999999999996e-005 -3.3776150631469624e+000
  2.6639999999999996e-005 -3.1783409715618491e+000
  2.6679999999999999e-005 -2.8063634672867637e+000
  2.6719999999999998e-005 -2.7434623793559645e+000
  2.6759999999999998e-005 -2.5343946553491041e+000
  2.6799999999999998e-005 -3.0163621827094147e+000
  2.6839999999999997e-005 -2.5452740066156632e+000
  2.6879999999999997e-005 -2.4348970345226770e+000
  2.6919999999999996e-005 -2.4069428172734648e+000
  2.6959999999999996e-005 -1.3954197710692862e+000
  2.6999999999999999e-005 -1.3199204185188969e+000
  2.7039999999999999e-005 -1.3323700939166534e+000
  2.7079999999999998e-005 -1.0061912678182170e+000
  2.7119999999999998e-005 -4.5231463357733920e-001
  2.7159999999999997e-005 -4.1043789751960419e-001
  2.7199999999999997e-005 -1.3340544125016046e-001
  2.7239999999999997e-005  6.4993715759768045e-001
  2.7279999999999996e-005  8.4857209674423040e-001
  2.7319999999999996e-005  1.2441109046619108e+000
  2.7359999999999996e-005  1.9358096538661136e+000
  2.7399999999999999e-005  2.8844831303279355e+000
  2.7439999999999998e-005  1.8631074274634569e+000
  2.7479999999999998e-005  3.4344282846195506e+000
  2.7519999999999997e-005  2.7544153437674930e+000
  2.7559999999999997e-005  2.4949117669642780e+000
  2.7599999999999997e-005  3.2591778147154815e+000
  2.7639999999999996e-005  3.1855597436537542e+000
  2.7679999999999996e-005  2.7266029144738742e+000
  2.7719999999999999e-005  3.0212785026219731e+000
  2.7759999999999998e-005  2.1551584269459756e+000
  2.7799999999999998e-005  1.4600819443629647e+000
  2.7839999999999998e-005  2.7181680444727547e+000
  2.7879999999999997e-005  1.8094552917750097e+000
  2.7919999999999997e-005  2.4163899050885655e+000
  2.7959999999999997e-005  2.1152548273845002e+000
  2.7999999999999996e-005  2.0091082445788406e+000
  2.8039999999999996e-005  1.4855748599709013e+000
  2.8079999999999995e-005  1.1924769083548119e+000
  2.8119999999999998e-005  2.9933359275933180e-001
  2.8159999999999998e-005  1.1832030211509124e+000
  2.8199999999999998e-005 -1.7968822722836231e-001
  2.8239999999999997e-005 -4.8525958745455683e-001
  2.8279999999999997e-005 -3.8597910447405548e-001
  2.8319999999999997e-005 -1.9115789921989048e+000
  2.8359999999999996e-005 -1.9637505967009772e-001
  2.8399999999999999e-005 -2.6154434304539103e+000
  2.8439999999999999e-005 -1.5575011371857852e+000
  2.8479999999999998e-005 -1.8310180295134728e+000
  2.8519999999999998e-005 -3.0209542910570568e+000
  2.8559999999999998e-005 -3.8188873470362941e+000
  2.8599999999999997e-005 -3.3913708724227787e+000
  2.8639999999999997e-005 -2.9094605992143019e+000
  2.8679999999999996e-005 -2.7649886556856820e+000
  2.8719999999999996e-005 -2.8000866979097325e+000
  2.8759999999999996e-005 -3.1073550665093883e+000
  2.8799999999999999e-005 -2.7697958540342515e+000
  2.8839999999999998e-005 -1.6711272738918175e+000
  2.8879999999999998e-005 -2.1363208892098235e+000
  2.8919999999999998e-005 -2.2044445523281930e+000
  2.8959999999999997e-005 -1.8043979940382482e+000
  2.8999999999999997e-005 -1.0214942389083068e+000
  2.9039999999999996e-005 -1.3213092375844553e+000
  2.9079999999999996e-005 -3.8838887866733990e-001
  2.9119999999999999e-005 -8.3979329931711577e-001
  2.9159999999999999e-005 -4.1829129155646294e-001
  2.9199999999999998e-005 -8.6760422881875965e-002
  2.9239999999999998e-005 -2.2308774640093854e-001
  2.9279999999999997e-005  1.7602403311537453e+000
  2.9319999999999997e-005  2.0095350891612060e+000
  2.9359999999999997e-005  1.3696884033179799e+000
  2.9399999999999996e-005  2.2710296016150950e+000
  2.9439999999999996e-005  2.9483328911322895e+000
  2.9479999999999999e-005  2.0711715451540336e+000
  2.9519999999999999e-005  2.1979933481023393e+000
  2.9559999999999998e-005  2.6259458786343544e+000
  2.9599999999999998e-005  3.4225837121650660e+000
  2.9639999999999997e-005  3.1325923140697745e+000
  2.9679999999999997e-005  2.9173428546281910e+000
  2.9719999999999997e-005  3.5087086926669659e+000
  2.9759999999999996e-005  2.3236938989671008e+000
  2.9799999999999996e-005  2.2163287427521849e+000
  2.9839999999999999e-005  2.5755121428244419e+000
  2.9879999999999999e-005  2.5374897222098673e+000
  2.9919999999999998e-005  2.2558807931867420e+000
  2.9959999999999998e-005  1.3417522438677856e+000
  2.9999999999999997e-005  1.2954398174225132e+000
