         0   -0.6387
    0.0100   -1.7318
    0.0200   -0.1297
    0.0300    0.5705
    0.0400    0.1657
    0.0500   -0.1831
    0.0600   -0.1441
    0.0700   -0.3999
    0.0800   -0.6406
    0.0900   -0.2349
    0.1000    1.8194
    0.1100    0.1561
    0.1200    0.8208
    0.1300    0.1795
    0.1400    0.4689
    0.1500   -0.3454
    0.1600   -1.2437
    0.1700    0.2817
    0.1800   -0.6086
    0.1900    0.2520
    0.2000    2.2756
    0.2100    0.4460
    0.2200    0.9656
    0.2300    0.4613
    0.2400    0.4626
    0.2500    0.6852
    0.2600    0.4092
    0.2700    1.2391
    0.2800   -0.1176
    0.2900    0.0818
    0.3000    0.9590
    0.3100    0.0089
    0.3200    0.7484
    0.3300    0.3964
    0.3400    0.5426
    0.3500   -0.1237
    0.3600    0.4352
    0.3700    1.4807
    0.3800    0.1817
    0.3900    0.2748
    0.4000    0.2111
    0.4100    1.3147
    0.4200    0.3929
    0.4300    1.6982
    0.4400   -0.5760
    0.4500   -0.0820
    0.4600   -0.4625
    0.4700    1.0210
    0.4800    1.1692
    0.4900    1.2937
    0.5000    0.3828
    0.5100    0.9220
    0.5200    0.6357
    0.5300    0.5760
    0.5400    0.1653
    0.5500    0.2000
    0.5600    0.5046
    0.5700    0.3312
    0.5800    2.5902
    0.5900    1.4049
    0.6000   -0.9301
    0.6100    0.9732
    0.6200    1.0546
    0.6300    0.0871
    0.6400    0.9481
    0.6500    1.9096
    0.6600    0.8253
    0.6700    0.5351
    0.6800    0.0324
    0.6900    2.3288
    0.7000    0.8188
    0.7100    0.2042
    0.7200    0.8296
    0.7300    0.8646
    0.7400    0.5965
    0.7500    0.7046
    0.7600    2.8663
    0.7700    1.9103
    0.7800    0.4303
    0.7900    1.7503
    0.8000    1.9684
    0.8100    1.2480
    0.8200    1.0163
    0.8300    0.1747
    0.8400    1.0684
    0.8500    1.1238
    0.8600    1.0133
    0.8700    1.6532
    0.8800    0.5531
    0.8900    0.5674
    0.9000    1.7076
    0.9100    1.5635
    0.9200    0.0099
    0.9300    1.0021
    0.9400    1.9192
    0.9500    0.8358
    0.9600    1.6404
    0.9700    0.9790
    0.9800    1.3629
    0.9900    0.9997
    1.0000    0.3571
    1.0100    0.7640
    1.0200    1.5506
    1.0300    0.3069
    1.0400    1.2466
    1.0500    1.8822
    1.0600    1.2773
    1.0700    2.1835
    1.0800    1.6577
    1.0900    1.4373
    1.1000    1.4713
    1.1100    1.4005
    1.1200    1.7668
    1.1300    1.4712
    1.1400    1.6920
    1.1500    1.1765
    1.1600    1.7458
    1.1700    1.1109
    1.1800    1.3597
    1.1900    1.8638
    1.2000    2.9876
    1.2100    2.3465
    1.2200    2.4244
    1.2300    3.0877
    1.2400    2.4837
    1.2500    0.6069
    1.2600    1.6950
    1.2700    2.2643
    1.2800    2.1841
    1.2900    2.4261
    1.3000    2.0339
    1.3100    1.2012
    1.3200    0.8854
    1.3300    2.3882
    1.3400    1.3517
    1.3500    2.3992
    1.3600    2.2522
    1.3700    2.7415
    1.3800    2.5527
    1.3900    2.2522
    1.4000    2.2293
    1.4100    3.3818
    1.4200    1.7938
    1.4300    1.7581
    1.4400    2.1385
    1.4500    2.2877
    1.4600    0.8760
    1.4700    1.7385
    1.4800    1.9771
    1.4900    2.8258
    1.5000    1.8174
    1.5100    2.6144
    1.5200    2.6710
    1.5300    2.8164
    1.5400    1.9041
    1.5500    1.9795
    1.5600    2.9849
    1.5700    1.8735
    1.5800    0.4625
    1.5900    2.2941
    1.6000    1.7744
    1.6100    1.0565
    1.6200    3.1128
    1.6300    2.6272
    1.6400    2.7981
    1.6500    1.2564
    1.6600    2.0209
    1.6700    2.3723
    1.6800    3.5928
    1.6900    0.9320
    1.7000    2.4719
    1.7100    2.2917
    1.7200    0.8312
    1.7300    1.5794
    1.7400    1.5472
    1.7500    2.9999
    1.7600    3.3636
    1.7700    1.1242
    1.7800    3.1074
    1.7900    2.6304
    1.8000    1.7365
    1.8100    2.0375
    1.8200    1.8953
    1.8300    1.5433
    1.8400    2.5184
    1.8500    2.6904
    1.8600    1.9654
    1.8700    1.9809
    1.8800    2.6472
    1.8900    2.2588
    1.9000    2.5739
    1.9100    2.6955
    1.9200    1.6939
    1.9300    3.0679
    1.9400    2.8252
    1.9500    1.8489
    1.9600    2.5381
    1.9700    2.6904
    1.9800    2.5552
    1.9900    1.0280
    2.0000    2.6913
    2.0100    2.2831
    2.0200    1.5579
    2.0300    3.2676
    2.0400    2.5405
    2.0500    2.1919
    2.0600    2.9247
    2.0700    2.5678
    2.0800    2.5882
    2.0900    3.1994
    2.1000    1.8749
    2.1100    2.4338
    2.1200    1.8238
    2.1300    2.7760
    2.1400    2.3838
    2.1500    1.4617
    2.1600    3.1952
    2.1700    2.7434
    2.1800    2.6892
    2.1900    2.6053
    2.2000    2.5013
    2.2100    3.0283
    2.2200    2.3893
    2.2300    2.8053
    2.2400    3.1485
    2.2500    2.7541
    2.2600    2.0023
    2.2700    2.1056
    2.2800    2.5746
    2.2900    2.2359
    2.3000    3.4397
    2.3100    3.2357
    2.3200    2.1373
    2.3300    1.4180
    2.3400    2.8232
    2.3500    2.8894
    2.3600    2.9306
    2.3700    3.1852
    2.3800    3.5068
    2.3900    1.6761
    2.4000    3.5367
    2.4100    2.4973
    2.4200    3.1374
    2.4300    2.8763
    2.4400    1.8635
    2.4500    2.1129
    2.4600    3.4437
    2.4700    2.6657
    2.4800    3.0852
    2.4900    2.5789
    2.5000    2.8557
    2.5100    4.2938
    2.5200    3.0633
    2.5300    2.2270
    2.5400    2.2029
    2.5500    3.3378
    2.5600    3.4057
    2.5700    2.9669
    2.5800    3.1559
    2.5900    2.7463
    2.6000    1.8771
    2.6100    2.8446
    2.6200    2.4786
    2.6300    3.6032
    2.6400    3.6116
    2.6500    2.1041
    2.6600    3.1768
    2.6700    3.1723
    2.6800    3.4485
    2.6900    2.2968
    2.7000    3.0405
    2.7100    2.2475
    2.7200    3.4705
    2.7300    2.8979
    2.7400    2.8945
    2.7500    1.4653
    2.7600    4.2250
    2.7700    2.8388
    2.7800    2.7566
    2.7900    2.5396
    2.8000    3.7236
    2.8100    3.4773
    2.8200    2.3427
    2.8300    3.1595
    2.8400    3.7607
    2.8500    3.1995
    2.8600    3.7821
    2.8700    3.0741
    2.8800    2.9032
    2.8900    2.2357
    2.9000    3.0428
    2.9100    2.2905
    2.9200    3.4258
    2.9300    2.7556
    2.9400    1.8860
    2.9500    2.5129
    2.9600    3.5385
    2.9700    3.2711
    2.9800    3.9786
    2.9900    2.7050
    3.0000    3.0508
    3.0100    3.0931
    3.0200    2.0065
    3.0300    3.1590
    3.0400    3.9572
    3.0500    3.0123
    3.0600    3.1389
    3.0700    3.6828
    3.0800    2.5326
    3.0900    4.1819
    3.1000    3.2128
    3.1100    3.2897
    3.1200    1.6887
    3.1300    3.5191
    3.1400    3.8942
    3.1500    3.8872
    3.1600    3.2467
    3.1700    3.5433
    3.1800    2.1534
    3.1900    3.9206
    3.2000    2.8385
    3.2100    3.1278
    3.2200    4.0157
    3.2300    3.6459
    3.2400    2.4788
    3.2500    3.0539
    3.2600    3.6300
    3.2700    2.3760
    3.2800    3.0951
    3.2900    4.4386
    3.3000    3.3961
    3.3100    3.7674
    3.3200    4.1073
    3.3300    4.3352
    3.3400    2.7798
    3.3500    3.3183
    3.3600    3.8307
    3.3700    2.7249
    3.3800    3.0176
    3.3900    4.0093
    3.4000    3.8013
    3.4100    3.4516
    3.4200    4.4922
    3.4300    4.5082
    3.4400    2.5049
    3.4500    3.4383
    3.4600    3.2325
    3.4700    3.6106
    3.4800    3.7027
    3.4900    3.7958
    3.5000    4.5764
    3.5100    2.9529
    3.5200    2.3460
    3.5300    2.9548
    3.5400    3.1479
    3.5500    3.5246
    3.5600    2.5662
    3.5700    3.2319
    3.5800    2.7373
    3.5900    3.1365
    3.6000    3.1234
    3.6100    3.7913
    3.6200    4.0252
    3.6300    4.0428
    3.6400    3.7117
    3.6500    3.6247
    3.6600    3.3878
    3.6700    3.7867
    3.6800    2.9250
    3.6900    3.8703
    3.7000    4.1299
    3.7100    4.1392
    3.7200    2.9230
    3.7300    3.4853
    3.7400    4.7232
    3.7500    3.6750
    3.7600    4.0785
    3.7700    3.5196
    3.7800    3.9680
    3.7900    3.5837
    3.8000    4.6509
    3.8100    5.0944
    3.8200    3.4128
    3.8300    3.8335
    3.8400    4.0775
    3.8500    3.7711
    3.8600    4.5613
    3.8700    4.1628
    3.8800    4.6625
    3.8900    5.2231
    3.9000    4.1352
    3.9100    2.6470
    3.9200    4.6015
    3.9300    3.8453
    3.9400    3.1845
    3.9500    3.6196
    3.9600    4.9330
    3.9700    4.5953
    3.9800    3.7158
    3.9900    3.5636
    4.0000    4.5641
    4.0100    4.2251
    4.0200    4.7463
    4.0300    4.8302
    4.0400    4.3899
    4.0500    4.7124
    4.0600    3.5962
    4.0700    3.5912
    4.0800    4.4865
    4.0900    1.9911
    4.1000    4.3273
    4.1100    4.0424
    4.1200    4.5804
    4.1300    4.0230
    4.1400    3.8944
    4.1500    4.4998
    4.1600    4.3960
    4.1700    4.7969
    4.1800    5.1473
    4.1900    3.8970
    4.2000    4.8547
    4.2100    3.9944
    4.2200    5.3234
    4.2300    4.4959
    4.2400    4.6195
    4.2500    4.1484
    4.2600    4.7312
    4.2700    5.4602
    4.2800    5.0295
    4.2900    4.8722
    4.3000    4.9665
    4.3100    5.9208
    4.3200    4.3375
    4.3300    4.6656
    4.3400    4.5762
    4.3500    5.6015
    4.3600    5.4226
    4.3700    4.5150
    4.3800    5.2992
    4.3900    3.9510
    4.4000    6.6321
    4.4100    6.2360
    4.4200    5.8999
    4.4300    5.6905
    4.4400    6.1876
    4.4500    5.6574
    4.4600    4.9594
    4.4700    5.1630
    4.4800    6.7867
    4.4900    4.8168
    4.5000    5.8462
    4.5100    5.1490
    4.5200    4.8943
    4.5300    5.7132
    4.5400    5.4624
    4.5500    5.4374
    4.5600    4.7450
    4.5700    5.4471
    4.5800    5.0497
    4.5900    5.7904
    4.6000    5.8696
    4.6100    5.9373
    4.6200    5.4984
    4.6300    6.0309
    4.6400    5.8840
    4.6500    5.6280
    4.6600    5.4738
    4.6700    4.6826
    4.6800    6.7097
    4.6900    5.6423
    4.7000    5.5819
    4.7100    4.3766
    4.7200    4.5849
    4.7300    6.6150
    4.7400    5.7473
    4.7500    6.1914
    4.7600    6.0491
    4.7700    6.0003
    4.7800    6.8836
    4.7900    6.2221
    4.8000    5.6665
    4.8100    5.6488
    4.8200    5.6493
    4.8300    5.3459
    4.8400    5.2463
    4.8500    6.6634
    4.8600    7.1052
    4.8700    6.5128
    4.8800    6.3320
    4.8900    6.3375
    4.9000    6.1097
    4.9100    5.8028
    4.9200    6.8358
    4.9300    6.8745
    4.9400    6.3275
    4.9500    6.0932
    4.9600    7.5936
    4.9700    5.4541
    4.9800    6.5713
    4.9900    6.9396
    5.0000    7.6125
    5.0100    6.8502
    5.0200    6.9966
    5.0300    6.0061
    5.0400    7.4153
    5.0500    5.8745
    5.0600    8.2159
    5.0700    6.5876
    5.0800    6.3070
    5.0900    6.3299
    5.1000    7.9199
    5.1100    7.1506
    5.1200    7.5760
    5.1300    6.6972
    5.1400    7.4942
    5.1500    7.1741
    5.1600    6.7461
    5.1700    8.2063
    5.1800    7.5424
    5.1900    8.1706
    5.2000    7.6169
    5.2100    7.9000
    5.2200    7.5564
    5.2300    7.1346
    5.2400    8.4421
    5.2500    8.5868
    5.2600    6.9342
    5.2700    7.9168
    5.2800    7.1829
    5.2900    7.1899
    5.3000    7.3586
    5.3100    8.1471
    5.3200    7.7040
    5.3300    7.9998
    5.3400    8.8578
    5.3500    8.3933
    5.3600    8.4633
    5.3700    8.8286
    5.3800    8.9172
    5.3900    8.3996
    5.4000    8.3869
    5.4100    8.7579
    5.4200    8.4367
    5.4300    8.4533
    5.4400    9.5110
    5.4500    9.1411
    5.4600    9.5003
    5.4700    7.8579
    5.4800    9.2120
    5.4900    8.8848
    5.5000    8.1923
    5.5100    8.8028
    5.5200    9.3718
    5.5300    9.4795
    5.5400    8.6647
    5.5500    9.0687
    5.5600    9.4910
    5.5700    8.2910
    5.5800    8.7191
    5.5900    9.1824
    5.6000    9.7953
    5.6100   10.1355
    5.6200    9.2721
    5.6300    9.2543
    5.6400   10.0019
    5.6500    8.7705
    5.6600    9.5281
    5.6700    9.0461
    5.6800   10.1329
    5.6900   10.8786
    5.7000   11.5752
    5.7100   10.3579
    5.7200   10.5586
    5.7300    9.4140
    5.7400   10.5804
    5.7500   10.4745
    5.7600    8.8561
    5.7700   10.6540
    5.7800    9.4873
    5.7900    9.2547
    5.8000   10.8637
    5.8100    9.6465
    5.8200   10.9462
    5.8300   10.4740
    5.8400    9.7047
    5.8500    9.9870
    5.8600   10.7909
    5.8700   10.5188
    5.8800   10.4206
    5.8900   10.8196
    5.9000   10.8648
    5.9100   10.5060
    5.9200   10.9538
    5.9300   10.6159
    5.9400   10.8334
    5.9500   11.0801
    5.9600   12.0704
    5.9700    9.8169
    5.9800   11.1074
    5.9900   10.5785
    6.0000   10.2855
    6.0100   10.3307
    6.0200   11.3056
    6.0300   10.4493
    6.0400   11.4306
    6.0500   10.8863
    6.0600   10.1399
    6.0700   12.0302
    6.0800   12.5322
    6.0900   11.7199
    6.1000   11.6314
    6.1100   10.7381
    6.1200   12.5397
    6.1300   12.6301
    6.1400   11.4187
    6.1500   11.5883
    6.1600   11.9513
    6.1700   12.2504
    6.1800   10.7602
    6.1900   12.5683
    6.2000   12.0955
    6.2100   12.3942
    6.2200   11.9526
    6.2300   12.1003
    6.2400   12.3468
    6.2500   12.8472
    6.2600   13.3389
    6.2700   12.5415
    6.2800   12.7397
    6.2900   12.1427
    6.3000   12.1839
    6.3100   11.9170
    6.3200   12.1611
    6.3300   13.4564
    6.3400   13.6792
    6.3500   12.4642
    6.3600   12.6965
    6.3700   13.3413
    6.3800   12.8153
    6.3900   13.5448
    6.4000   14.7937
    6.4100   12.8350
    6.4200   12.8577
    6.4300   13.3888
    6.4400   13.3064
    6.4500   12.3606
    6.4600   13.9630
    6.4700   13.6462
    6.4800   13.6153
    6.4900   14.1042
    6.5000   14.9616
    6.5100   14.7720
    6.5200   12.9188
    6.5300   14.0792
    6.5400   14.1058
    6.5500   14.6194
    6.5600   14.7530
    6.5700   14.6424
    6.5800   13.9435
    6.5900   14.2945
    6.6000   13.5905
    6.6100   15.3100
    6.6200   14.0063
    6.6300   14.6560
    6.6400   14.4897
    6.6500   13.2633
    6.6600   13.5487
    6.6700   15.0235
    6.6800   15.1923
    6.6900   13.7950
    6.7000   15.7479
    6.7100   15.1155
    6.7200   14.6346
    6.7300   15.2608
    6.7400   15.5749
    6.7500   14.0950
    6.7600   13.9194
    6.7700   15.0192
    6.7800   15.8458
    6.7900   14.6172
    6.8000   15.0469
    6.8100   16.2199
    6.8200   15.8120
    6.8300   16.5821
    6.8400   14.8177
    6.8500   15.5801
    6.8600   15.0827
    6.8700   15.9346
    6.8800   15.6022
    6.8900   17.1454
    6.9000   15.7408
    6.9100   16.8355
    6.9200   15.9416
    6.9300   16.1469
    6.9400   16.6049
    6.9500   16.8987
    6.9600   16.3934
    6.9700   17.5723
    6.9800   18.3739
    6.9900   16.6999
    7.0000   17.3449
    7.0100   17.0732
    7.0200   16.1378
    7.0300   16.7830
    7.0400   16.0820
    7.0500   16.4328
    7.0600   17.3545
    7.0700   16.9414
    7.0800   16.5125
    7.0900   17.9791
    7.1000   16.5864
    7.1100   17.9365
    7.1200   17.1468
    7.1300   17.2231
    7.1400   16.6711
    7.1500   16.4797
    7.1600   17.3632
    7.1700   17.3816
    7.1800   17.0110
    7.1900   17.0438
    7.2000   16.0997
    7.2100   17.8554
    7.2200   18.5323
    7.2300   18.0028
    7.2400   17.9567
    7.2500   17.5854
    7.2600   17.1236
    7.2700   17.1204
    7.2800   18.6556
    7.2900   17.5055
    7.3000   17.4003
    7.3100   17.5131
    7.3200   17.2780
    7.3300   18.5602
    7.3400   17.3734
    7.3500   18.4412
    7.3600   17.9213
    7.3700   18.3193
    7.3800   18.8030
    7.3900   19.7818
    7.4000   18.8325
    7.4100   19.2936
    7.4200   19.0142
    7.4300   19.0457
    7.4400   18.3565
    7.4500   20.0469
    7.4600   19.7578
    7.4700   18.4633
    7.4800   19.6320
    7.4900   18.5108
    7.5000   19.4390
    7.5100   18.7862
    7.5200   19.3857
    7.5300   19.1182
    7.5400   19.1545
    7.5500   19.6583
    7.5600   19.3268
    7.5700   20.2212
    7.5800   19.7964
    7.5900   18.9341
    7.6000   20.3256
    7.6100   20.9907
    7.6200   20.7103
    7.6300   19.7593
    7.6400   19.9517
    7.6500   19.9650
    7.6600   20.5864
    7.6700   21.3769
    7.6800   21.0554
    7.6900   21.7101
    7.7000   20.6473
    7.7100   19.9222
    7.7200   20.7468
    7.7300   20.4500
    7.7400   22.4720
    7.7500   21.2486
    7.7600   22.2110
    7.7700   21.3097
    7.7800   20.8693
    7.7900   20.7191
    7.8000   21.1787
    7.8100   21.7704
    7.8200   21.2525
    7.8300   21.6536
    7.8400   20.4620
    7.8500   21.3620
    7.8600   20.3256
    7.8700   20.7062
    7.8800   22.5554
    7.8900   20.9128
    7.9000   20.5476
    7.9100   21.5788
    7.9200   21.6442
    7.9300   22.0005
    7.9400   22.8621
    7.9500   21.2488
    7.9600   20.9642
    7.9700   22.9649
    7.9800   22.2103
    7.9900   22.3065
    8.0000   21.7538
    8.0100   22.6112
    8.0200   21.4385
    8.0300   21.7791
    8.0400   22.4985
    8.0500   22.6321
    8.0600   22.7731
    8.0700   22.2877
    8.0800   22.8313
    8.0900   23.1070
    8.1000   22.4384
    8.1100   22.2807
    8.1200   22.4572
    8.1300   23.1000
    8.1400   21.8824
    8.1500   22.8476
    8.1600   21.7660
    8.1700   23.1827
    8.1800   21.0814
    8.1900   22.6935
    8.2000   23.5736
    8.2100   22.1427
    8.2200   22.3672
    8.2300   21.7748
    8.2400   23.5169
    8.2500   23.2319
    8.2600   22.5851
    8.2700   22.9116
    8.2800   23.0638
    8.2900   22.6507
    8.3000   22.9224
    8.3100   22.3844
    8.3200   24.1480
    8.3300   22.8519
    8.3400   23.2023
    8.3500   24.2096
    8.3600   23.9162
    8.3700   23.6645
    8.3800   22.9595
    8.3900   23.7841
    8.4000   24.0154
    8.4100   23.3949
    8.4200   22.9712
    8.4300   23.0945
    8.4400   22.6646
    8.4500   24.9572
    8.4600   23.3830
    8.4700   25.2333
    8.4800   24.1232
    8.4900   25.0326
    8.5000   25.7649
    8.5100   23.2695
    8.5200   23.9027
    8.5300   25.2007
    8.5400   23.6783
    8.5500   25.3221
    8.5600   24.7240
    8.5700   25.4508
    8.5800   24.2954
    8.5900   23.3595
    8.6000   25.5726
    8.6100   23.7968
    8.6200   25.4465
    8.6300   24.8081
    8.6400   24.3280
    8.6500   26.0830
    8.6600   25.4286
    8.6700   25.3660
    8.6800   25.0707
    8.6900   25.8063
    8.7000   24.2176
    8.7100   26.0207
    8.7200   25.4379
    8.7300   24.1502
    8.7400   26.4150
    8.7500   27.1064
    8.7600   26.3976
    8.7700   25.0131
    8.7800   26.6881
    8.7900   25.6203
    8.8000   25.9694
    8.8100   25.7049
    8.8200   26.1605
    8.8300   26.9391
    8.8400   25.3086
    8.8500   25.0409
    8.8600   26.8869
    8.8700   25.0670
    8.8800   25.4088
    8.8900   26.5082
    8.9000   26.4392
    8.9100   26.6464
    8.9200   26.5798
    8.9300   26.6443
    8.9400   26.3719
    8.9500   25.6909
    8.9600   26.6771
    8.9700   24.9627
    8.9800   26.9306
    8.9900   26.8160
    9.0000   26.5387
    9.0100   27.0069
    9.0200   26.3621
    9.0300   26.1182
    9.0400   26.0972
    9.0500   27.2550
    9.0600   26.9397
    9.0700   26.9126
    9.0800   26.1409
    9.0900   26.9597
    9.1000   26.4877
    9.1100   25.5982
    9.1200   25.9664
    9.1300   27.6274
    9.1400   27.4824
    9.1500   27.5673
    9.1600   27.0677
    9.1700   27.5749
    9.1800   27.5161
    9.1900   27.6813
    9.2000   26.5796
    9.2100   27.2035
    9.2200   27.1675
    9.2300   27.5889
    9.2400   28.0438
    9.2500   28.2611
    9.2600   28.1560
    9.2700   27.3003
    9.2800   27.2482
    9.2900   27.6563
    9.3000   27.5816
    9.3100   27.5251
    9.3200   28.2532
    9.3300   28.3137
    9.3400   30.1344
    9.3500   28.7814
    9.3600   28.7231
    9.3700   27.2086
    9.3800   28.3114
    9.3900   29.6803
    9.4000   27.1821
    9.4100   28.8991
    9.4200   28.8210
    9.4300   27.7878
    9.4400   28.0217
    9.4500   27.7536
    9.4600   27.3445
    9.4700   27.4689
    9.4800   29.3268
    9.4900   29.4257
    9.5000   28.2525
    9.5100   28.9709
    9.5200   28.6515
    9.5300   28.6362
    9.5400   28.6776
    9.5500   29.8601
    9.5600   29.0332
    9.5700   28.2616
    9.5800   28.5553
    9.5900   30.4430
    9.6000   29.0940
    9.6100   29.3335
    9.6200   29.6989
    9.6300   28.6589
    9.6400   29.9037
    9.6500   29.7785
    9.6600   29.0143
    9.6700   31.5695
    9.6800   29.1183
    9.6900   30.2411
    9.7000   29.8757
    9.7100   30.8226
    9.7200   30.0956
    9.7300   30.0003
    9.7400   31.0939
    9.7500   30.0102
    9.7600   31.4688
    9.7700   32.0822
    9.7800   30.3556
    9.7900   30.0490
    9.8000   30.4211
    9.8100   30.6492
    9.8200   30.8368
    9.8300   31.1157
    9.8400   30.6305
    9.8500   30.6760
    9.8600   32.0847
    9.8700   30.4614
    9.8800   30.7653
    9.8900   30.2070
    9.9000   30.4971
    9.9100   30.1303
    9.9200   31.4174
    9.9300   31.4319
    9.9400   31.8411
    9.9500   30.2219
    9.9600   30.2271
    9.9700   32.4189
    9.9800   31.3798
    9.9900   31.1093
   10.0000   31.5380
   10.0100   31.8353
   10.0200   30.4122
   10.0300   31.6705
   10.0400   32.0292
   10.0500   31.9102
   10.0600   32.9843
   10.0700   31.1866
   10.0800   32.2927
   10.0900   32.3402
   10.1000   32.5225
   10.1100   31.5711
   10.1200   32.5367
   10.1300   31.4442
   10.1400   32.5552
   10.1500   32.9184
   10.1600   32.3930
   10.1700   32.5520
   10.1800   32.2019
   10.1900   32.6809
   10.2000   33.4660
   10.2100   32.3955
   10.2200   32.4053
   10.2300   33.4815
   10.2400   32.5769
   10.2500   31.2641
   10.2600   32.4070
   10.2700   32.3896
   10.2800   33.7392
   10.2900   33.6581
   10.3000   32.6146
   10.3100   33.9945
   10.3200   33.4610
   10.3300   33.2563
   10.3400   33.2916
   10.3500   33.6087
   10.3600   34.1806
   10.3700   34.1508
   10.3800   33.7854
   10.3900   33.9728
   10.4000   34.3053
   10.4100   33.1922
   10.4200   32.7036
   10.4300   34.3876
   10.4400   33.6284
   10.4500   34.1054
   10.4600   34.4763
   10.4700   33.6240
   10.4800   34.6426
   10.4900   33.7967
   10.5000   33.1031
   10.5100   33.5677
   10.5200   35.0812
   10.5300   34.4972
   10.5400   33.7274
   10.5500   34.2613
   10.5600   34.9930
   10.5700   36.5860
   10.5800   35.6535
   10.5900   34.6612
   10.6000   34.7240
   10.6100   35.2377
   10.6200   35.2766
   10.6300   34.6901
   10.6400   35.3624
   10.6500   34.9502
   10.6600   35.3198
   10.6700   36.6653
   10.6800   35.4345
   10.6900   35.2338
   10.7000   34.8395
   10.7100   36.3719
   10.7200   36.2548
   10.7300   36.5140
   10.7400   36.2768
   10.7500   35.3524
   10.7600   35.7134
   10.7700   35.7799
   10.7800   36.1446
   10.7900   35.2384
   10.8000   35.2955
   10.8100   36.5151
   10.8200   36.8059
   10.8300   35.1906
   10.8400   36.8914
   10.8500   37.0317
   10.8600   37.1974
   10.8700   35.6063
   10.8800   36.3088
   10.8900   37.2360
   10.9000   37.0142
   10.9100   36.6256
   10.9200   37.2895
   10.9300   37.0404
   10.9400   37.3777
   10.9500   37.6305
   10.9600   36.5210
   10.9700   37.3690
   10.9800   37.8012
   10.9900   37.1861
   11.0000   37.8180
   11.0100   38.2300
   11.0200   38.4598
   11.0300   37.6164
   11.0400   37.6539
   11.0500   38.1431
   11.0600   38.0327
   11.0700   38.3095
   11.0800   37.3747
   11.0900   37.6690
   11.1000   39.0756
   11.1100   39.1197
   11.1200   39.1022
   11.1300   38.4655
   11.1400   38.7471
   11.1500   38.0043
   11.1600   39.0331
   11.1700   39.2262
   11.1800   39.8757
   11.1900   39.3694
   11.2000   37.5702
   11.2100   39.1014
   11.2200   39.8095
   11.2300   39.3917
   11.2400   39.7101
   11.2500   39.3269
   11.2600   38.2280
   11.2700   39.3616
   11.2800   39.8313
   11.2900   39.0656
   11.3000   38.9539
   11.3100   40.5696
   11.3200   38.5803
   11.3300   40.7419
   11.3400   38.1912
   11.3500   40.4319
   11.3600   40.1606
   11.3700   39.7626
   11.3800   40.5362
   11.3900   40.8621
   11.4000   40.5698
   11.4100   39.8799
   11.4200   40.7123
   11.4300   40.6087
   11.4400   40.2131
   11.4500   41.4020
   11.4600   39.7667
   11.4700   40.2237
   11.4800   41.0570
   11.4900   40.7647
   11.5000   42.5170
   11.5100   42.0161
   11.5200   41.3317
   11.5300   41.1004
   11.5400   41.6277
   11.5500   41.2517
   11.5600   43.2885
   11.5700   41.8225
   11.5800   42.3880
   11.5900   41.1725
   11.6000   41.8502
   11.6100   42.4157
   11.6200   42.5689
   11.6300   42.1721
   11.6400   42.0078
   11.6500   42.4893
   11.6600   43.4815
   11.6700   43.4624
   11.6800   43.1747
   11.6900   44.4764
   11.7000   42.7009
   11.7100   41.9060
   11.7200   43.0017
   11.7300   43.7784
   11.7400   43.3318
   11.7500   43.8173
   11.7600   44.4261
   11.7700   43.3959
   11.7800   43.6521
   11.7900   43.4149
   11.8000   42.9684
   11.8100   44.5117
   11.8200   44.7402
   11.8300   43.3278
   11.8400   43.7578
   11.8500   44.2905
   11.8600   44.6653
   11.8700   43.6980
   11.8800   44.9324
   11.8900   45.1071
   11.9000   45.4035
   11.9100   44.0398
   11.9200   45.7019
   11.9300   45.0854
   11.9400   45.6021
   11.9500   44.3671
   11.9600   45.6857
   11.9700   45.6638
   11.9800   44.3523
   11.9900   46.1564
   12.0000   45.2451
   12.0100   45.0922
   12.0200   45.6492
   12.0300   45.3257
   12.0400   45.7734
   12.0500   46.2696
   12.0600   45.1686
   12.0700   45.9991
   12.0800   47.1414
   12.0900   46.9988
   12.1000   45.2941
   12.1100   46.2878
   12.1200   45.1904
   12.1300   46.7935
   12.1400   46.3100
   12.1500   46.7309
   12.1600   46.2497
   12.1700   48.3071
   12.1800   46.9566
   12.1900   48.1637
   12.2000   46.5961
   12.2100   47.6652
   12.2200   46.9828
   12.2300   47.6083
   12.2400   47.7160
   12.2500   48.3816
   12.2600   47.5878
   12.2700   47.6107
   12.2800   47.7224
   12.2900   49.4875
   12.3000   49.2350
   12.3100   48.5110
   12.3200   49.2691
   12.3300   49.3900
   12.3400   47.8914
   12.3500   48.1973
   12.3600   48.2129
   12.3700   48.9362
   12.3800   47.4544
   12.3900   49.0954
   12.4000   49.1486
   12.4100   49.6708
   12.4200   49.7072
   12.4300   49.0614
   12.4400   49.4578
   12.4500   48.7408
   12.4600   49.8879
   12.4700   49.0108
   12.4800   49.5025
   12.4900   50.9063
   12.5000   50.9862
   12.5100   50.3652
   12.5200   50.1308
   12.5300   50.9831
   12.5400   49.8888
   12.5500   50.1202
   12.5600   50.3626
   12.5700   49.7536
   12.5800   50.2597
   12.5900   51.4137
   12.6000   51.3040
   12.6100   51.8971
   12.6200   51.9795
   12.6300   52.4432
   12.6400   51.5655
   12.6500   50.9034
   12.6600   51.2463
   12.6700   51.4625
   12.6800   51.6113
   12.6900   51.6091
   12.7000   51.8424
   12.7100   51.3552
   12.7200   52.0486
   12.7300   51.5104
   12.7400   52.3078
   12.7500   52.9791
   12.7600   52.3807
   12.7700   53.5829
   12.7800   52.5179
   12.7900   53.1345
   12.8000   52.6919
   12.8100   52.9531
   12.8200   53.5072
   12.8300   53.1058
   12.8400   52.9176
   12.8500   53.8584
   12.8600   53.6942
   12.8700   53.7743
   12.8800   53.9126
   12.8900   54.1224
   12.9000   53.7181
   12.9100   53.7717
   12.9200   54.2692
   12.9300   54.1162
   12.9400   54.3180
   12.9500   55.4862
   12.9600   53.2363
   12.9700   53.3626
   12.9800   54.5787
   12.9900   55.2074
   13.0000   55.4824
   13.0100   55.3386
   13.0200   54.0878
   13.0300   54.4662
   13.0400   54.8194
   13.0500   54.7197
   13.0600   55.4762
   13.0700   56.7560
   13.0800   56.3249
   13.0900   55.2662
   13.1000   55.2952
   13.1100   56.2880
   13.1200   56.3855
   13.1300   56.3010
   13.1400   55.9304
   13.1500   56.3440
   13.1600   56.5658
   13.1700   57.2424
   13.1800   56.4868
   13.1900   56.8329
   13.2000   56.1179
   13.2100   57.6672
   13.2200   57.4421
   13.2300   55.9577
   13.2400   55.9545
   13.2500   57.6728
   13.2600   55.9695
   13.2700   56.9925
   13.2800   56.3980
   13.2900   58.2472
   13.3000   57.0665
   13.3100   58.3643
   13.3200   57.8559
   13.3300   57.6882
   13.3400   58.1352
   13.3500   57.6532
   13.3600   58.6478
   13.3700   58.9706
   13.3800   58.0070
   13.3900   57.9536
   13.4000   58.7102
   13.4100   59.7287
   13.4200   58.9707
   13.4300   58.2340
   13.4400   59.4095
   13.4500   60.2670
   13.4600   60.2327
   13.4700   58.6796
   13.4800   58.7925
   13.4900   59.1504
   13.5000   60.1600
   13.5100   59.9522
   13.5200   59.9032
   13.5300   59.3856
   13.5400   59.6803
   13.5500   60.7509
   13.5600   59.5805
   13.5700   60.1211
   13.5800   60.1171
   13.5900   59.9129
   13.6000   60.3814
   13.6100   60.9327
   13.6200   60.0769
   13.6300   60.1399
   13.6400   60.6579
   13.6500   60.8787
   13.6600   60.7636
   13.6700   60.9361
   13.6800   60.8314
   13.6900   60.8533
   13.7000   61.4855
   13.7100   61.1192
   13.7200   61.7037
   13.7300   61.4128
   13.7400   60.2608
   13.7500   62.3695
   13.7600   62.1490
   13.7700   61.1488
   13.7800   62.1946
   13.7900   61.8941
   13.8000   63.8221
   13.8100   62.6939
   13.8200   63.9534
   13.8300   61.3667
   13.8400   63.9144
   13.8500   62.7814
   13.8600   61.6984
   13.8700   63.5380
   13.8800   62.5328
   13.8900   63.3603
   13.9000   62.7360
   13.9100   62.5994
   13.9200   62.9197
   13.9300   63.1244
   13.9400   63.6880
   13.9500   63.8207
   13.9600   63.6406
   13.9700   63.6961
   13.9800   64.0685
   13.9900   64.8713
   14.0000   63.7566
   14.0100   64.7083
   14.0200   65.4857
   14.0300   63.9310
   14.0400   65.8333
   14.0500   64.6364
   14.0600   64.0535
   14.0700   65.4252
   14.0800   64.0063
   14.0900   64.5821
   14.1000   65.0881
   14.1100   66.4510
   14.1200   65.0840
   14.1300   66.2338
   14.1400   65.3201
   14.1500   65.0467
   14.1600   65.4424
   14.1700   64.6437
   14.1800   66.4408
   14.1900   65.4642
   14.2000   65.8492
   14.2100   65.1716
   14.2200   66.3362
   14.2300   65.3296
   14.2400   65.8316
   14.2500   69.0361
   14.2600   67.0366
   14.2700   66.5090
   14.2800   65.8550
   14.2900   66.7552
   14.3000   67.1333
   14.3100   66.8348
   14.3200   66.3868
   14.3300   66.1412
   14.3400   67.2695
   14.3500   66.2487
   14.3600   68.6060
   14.3700   68.2951
   14.3800   68.2495
   14.3900   66.6043
   14.4000   67.8484
   14.4100   67.7377
   14.4200   67.4743
   14.4300   68.8797
   14.4400   67.8364
   14.4500   67.5785
   14.4600   66.7701
   14.4700   68.3443
   14.4800   68.8680
   14.4900   68.5115
   14.5000   69.5828
   14.5100   69.7657
   14.5200   67.5017
   14.5300   68.7992
   14.5400   67.7921
   14.5500   69.2862
   14.5600   67.9653
   14.5700   68.6961
   14.5800   68.3528
   14.5900   69.5165
   14.6000   70.5242
   14.6100   70.0745
   14.6200   70.0312
   14.6300   69.2627
   14.6400   69.0729
   14.6500   69.5310
   14.6600   70.8297
   14.6700   70.1887
   14.6800   70.8268
   14.6900   69.4254
   14.7000   69.8101
   14.7100   69.9391
   14.7200   69.7541
   14.7300   70.9273
   14.7400   70.1502
   14.7500   71.2966
   14.7600   71.7448
   14.7700   70.7923
   14.7800   71.6215
   14.7900   71.5732
   14.8000   71.3500
   14.8100   70.4544
   14.8200   71.7718
   14.8300   72.3099
   14.8400   71.4224
   14.8500   71.7025
   14.8600   71.3892
   14.8700   71.1097
   14.8800   72.3880
   14.8900   71.1963
   14.9000   71.0043
   14.9100   72.6190
   14.9200   72.4765
   14.9300   71.6987
   14.9400   72.4236
   14.9500   73.4960
   14.9600   72.7888
   14.9700   72.3967
   14.9800   73.5124
   14.9900   73.0670
   15.0000   73.9198
